1 2 3
4 5 6
7 8 9
10 11 12
13 14 15
16 17 18
14 19 20
21 22 23
24 25 26
27 28 29
30 31 32
33 34 35
36 37 38
39 40 41
42 43 44
45 46 47
48 49 50
51 52 53
54 55 56
57 58 59
60 61 62
63 64 65
66 67 68
69 70 71
72 73 74
75 76 77
78 79 80
81 82 83
84 85 86
87 88 89
90 88 87
91 92 93
94 59 95
96 97 98
99 100 101
102 103 104
105 106 107
108 109 110
111 112 113
12 114 115
116 117 118
119 120 121
122 123 124
125 126 127
128 129 130
131 132 133
134 135 136
137 138 139
140 141 142
126 143 144
145 146 127
142 141 147
148 149 150
151 152 153
154 155 156
157 158 159
160 161 162
163 164 165
166 167 168
169 170 171
172 173 174
175 176 177
178 179 180
181 182 183
184 185 186
187 188 189
190 191 192
193 194 195
196 197 198
199 200 201
202 203 204
205 206 207
208 209 210
211 212 213
50 214 215
216 217 218
219 220 221
222 223 224
225 226 227
228 229 230
231 232 233
234 235 233
236 35 237
238 239 240
241 242 243
244 245 246
247 248 249
250 251 41
252 253 254
255 256 257
258 259 260
261 262 263
264 265 266
267 268 269
270 66 271
272 273 274
275 276 277
278 279 280
281 282 283
284 54 56
285 286 287
288 289 290
291 292 293
294 295 296
297 298 299
300 276 301
302 303 95
304 305 306
307 308 309
310 311 312
313 314 315
316 317 293
318 319 320
321 322 323
324 325 326
282 327 328
329 330 331
76 332 333
334 335 336
337 338 339
340 341 342
343 344 293
345 346 8
336 335 347
348 349 350
351 352 353
354 355 356
341 357 342
358 359 360
361 362 363
364 365 366
367 368 369
370 371 372
373 374 375
376 377 378
379 380 381
382 383 384
385 386 387
388 366 365
389 390 391
392 393 394
74 395 75
396 108 110
397 398 399
400 401 402
403 404 405
406 407 408
409 410 411
412 413 72
414 415 416
100 13 101
417 418 419
420 421 422
423 424 411
425 426 427
428 429 301
430 431 432
433 434 61
435 436 62
282 328 437
438 439 440
441 442 443
444 445 446
447 118 448
449 450 451
452 453 454
455 456 457
458 459 460
461 403 462
463 464 130
465 466 467
464 463 468
469 470 471
472 473 474
475 476 477
478 479 480
146 481 482
481 466 128
482 483 484
485 486 487
19 488 20
489 490 491
2 492 493
494 495 407
496 497 498
424 499 411
500 501 502
143 126 125
503 504 505
506 507 486
508 509 510
511 509 512
513 514 515
516 378 517
518 519 381
520 521 80
515 514 522
523 524 525
526 527 528
529 530 136
531 532 533
534 535 536
537 538 539
166 168 540
541 542 543
544 545 546
547 548 549
550 551 552
553 554 156
555 556 557
558 559 560
561 245 244
562 563 564
565 561 566
567 568 569
570 571 572
573 574 575
576 577 578
579 566 580
581 582 583
584 585 154
586 587 588
589 590 591
592 593 573
578 594 576
595 531 596
597 598 168
140 599 600
601 153 152
602 603 604
605 606 607
514 521 378
608 530 609
610 611 612
613 614 532
615 616 617
147 141 612
618 538 537
619 620 621
622 124 623
624 625 586
626 569 627
628 629 630
631 632 633
634 635 636
637 638 639
640 641 642
643 644 645
643 646 635
647 648 649
650 651 644
652 653 654
648 655 656
657 658 659
198 197 660
661 662 648
663 664 665
666 656 655
667 668 669
670 629 671
672 673 674
675 668 667
676 677 678
679 680 681
682 683 684
685 686 687
688 689 690
691 679 692
693 694 695
696 697 698
696 699 690
700 701 702
703 704 705
706 705 707
708 709 710
711 702 712
713 714 715
716 717 718
719 192 191
720 169 721
722 723 724
705 178 707
725 726 727
728 729 730
731 732 733
734 735 736
737 733 738
739 740 741
742 733 732
743 744 745
746 747 748
745 193 195
749 722 750
751 752 753
754 755 756
703 705 706
757 758 759
760 761 762
763 764 765
741 766 767
768 769 770
771 772 773
774 775 776
777 778 779
780 781 782
783 784 785
786 787 788
789 790 791
792 793 794
795 796 212
797 798 799
771 787 800
801 802 803
804 781 805
806 807 808
809 810 811
812 813 814
794 793 815
816 817 818
819 820 645
821 822 823
824 825 826
827 828 829
830 831 832
833 834 835
631 836 837
667 673 675
838 839 840
841 842 843
844 43 42
845 846 847
641 848 849
850 636 646
851 852 853
854 855 856
857 228 220
858 859 860
861 862 863
864 654 865
824 826 866
867 868 869
870 871 872
232 873 233
47 253 874
875 876 877
878 879 880
881 882 883
884 885 886
887 888 889
890 891 892
893 894 890
895 896 897
898 899 900
901 902 903
904 905 906
907 908 909
910 911 912
913 914 915
916 917 904
885 915 918
919 905 917
920 241 921
243 242 922
923 924 925
926 927 928
929 564 930
931 932 933
934 926 935
936 937 938
939 940 941
942 943 944
945 946 947
948 949 950
951 952 953
954 955 956
957 958 959
960 961 956
962 963 964
965 966 967
968 969 970
971 972 973
974 975 976
977 978 979
980 977 981
982 983 984
985 872 871
986 987 988
989 990 991
992 993 994
995 996 980
997 274 273
998 999 1000
95 59 58
1001 1002 1003
1004 1005 1006
1007 999 1008
1009 1010 1011
1012 1013 1014
270 1015 66
1016 1017 1018
1019 1020 1021
1022 1023 1024
1025 1026 1027
1028 1029 1030
1031 1032 1033
1034 1022 1024
1035 1030 1036
1023 1033 1024
1033 1032 1024
1034 1024 1037
1038 1028 1030
1037 1032 1039
1039 439 1040
274 1041 1042
1026 1025 1043
442 1044 1045
1046 270 1047
1032 1027 1039
1048 1049 1050
1035 1040 1030
1029 1028 1051
1049 1051 1028
1050 1028 1038
275 277 426
277 276 300
1052 435 1053
1002 1054 1055
116 1056 1057
1058 1055 1059
427 277 1060
1061 426 1062
1063 1064 1058
1065 1066 1067
1068 1069 434
1053 62 61
1053 1070 1071
92 55 93
1072 1073 295
429 428 1074
1074 1075 429
1076 1069 1068
1077 1078 1068
1079 437 328
1080 1081 1064
1063 1082 425
427 1060 1083
1021 1084 1019
1085 1086 1087
1081 1003 1002
1088 1018 1089
1090 1091 1092
1093 1001 1094
1095 1096 1047
1016 1097 1094
1096 1014 1044
1091 1017 1092
1098 1015 1099
1088 1089 1100
1080 1101 1090
1003 1090 1092
1090 1101 1102
294 1103 295
343 293 317
359 1104 1105
1106 343 317
1107 1108 1109
337 1110 338
1111 360 1112
1113 1114 71
1115 321 323
1116 1117 1114
1118 1119 312
312 1115 320
1120 86 322
86 1120 1121
1114 1122 1116
69 1123 1124
1125 1126 1127
1128 1129 1130
1131 1132 1133
375 1134 1135
1136 257 256
1137 1138 1139
76 333 77
4 1140 1141
333 5 77
1140 1142 1143
1144 74 1145
1146 1147 1114
1125 1127 1148
1149 1147 1146
1133 1150 1151
1152 5 1153
1154 1155 1156
1157 1158 1159
1160 1161 1162
1157 1111 1163
1164 1165 1166
1164 1166 1167
1168 1169 1170
1171 326 1172
329 1173 1174
1175 1176 1177
1178 1179 1180
1181 1175 1182
1176 1178 1183
1184 1185 1186
1187 1188 1189
1190 1191 1192
1193 1108 1194
1195 1196 1197
1198 1109 1193
1199 1200 1201
1202 1201 1203
1204 337 1155
1205 337 339
1206 1207 1208
296 1209 1210
1211 307 96
98 97 1212
1213 1214 1215
1216 1217 1218
63 1218 64
1219 98 1212
1218 1220 290
1206 1208 1221
1222 1223 1224
1168 1225 1226
1227 1222 1228
409 499 1229
1230 1231 1232
1233 1234 1235
1236 1237 1238
1238 1239 1240
1241 1242 1243
407 495 408
1244 480 1245
386 1246 1247
1248 1249 478
1250 1251 1249
1252 1253 1254
1255 1256 1257
1258 1259 1260
390 389 1261
1262 1263 1264
1265 1266 523
524 1263 1262
1267 1268 16
1269 1270 1255
471 1271 1272
1260 1273 1274
1275 1276 1277
1278 1279 18
1280 1278 538
1250 1134 1251
373 375 1135
1281 1282 1283
1281 1284 1282
1285 1286 1287
476 1288 477
475 477 1289
1290 1250 1291
1292 1293 1294
373 366 374
1295 1296 1297
1298 1299 1300
1301 1302 1303
1304 1305 1306
1136 256 1307
1308 469 1309
1310 1311 1312
391 390 1313
618 1305 1304
1314 1315 1316
476 1317 1288
1294 1245 1318
1319 504 1320
1321 1322 1286
388 365 1323
1285 1324 1298
489 1325 362
1325 403 405
1326 1327 1328
1325 405 363
367 476 1329
1329 382 1330
406 1241 1243
1239 1243 1242
383 382 475
1331 1332 1333
1329 476 475
383 475 1289
99 101 1334
1335 1336 1337
1338 1339 1340
361 1341 362
1342 1343 1344
499 424 1345
1346 1347 1348
1349 1350 1351
460 1352 1353
1354 1355 1356
1357 1358 1359
1348 1360 1361
1362 1363 1364
1365 1366 1367
1368 1369 1365
1357 1370 1348
1371 1366 1369
1218 1217 1220
1372 1373 288
1154 1156 1374
418 1375 351
1376 356 1377
1118 311 313
1359 1358 1174
1367 1225 1365
335 1376 347
344 291 293
1378 1379 1380
1381 1382 1383
331 1384 1385
1174 1367 1359
1386 1387 1388
345 1389 1390
1379 1391 1381
1392 314 1393
1173 329 1385
1394 1395 285
286 1396 65
1181 1182 1397
418 304 419
1398 355 1399
1400 1401 1402
1372 1403 1404
1372 288 1220
1188 1405 1189
1406 1407 1187
1408 62 436
1409 436 435
1410 1411 1412
1413 1411 1414
1408 60 62
92 91 1415
1215 1416 1417
1214 1394 285
1396 1395 1418
1419 1420 1421
1422 1423 1424
1425 1426 1427
1428 1429 1430
1426 1409 435
1053 435 62
1431 1423 1432
1433 1042 1043
172 174 1434
116 1435 1436
1434 174 1437
1438 1425 1427
1424 1439 1422
1423 1440 1424
997 1041 274
1441 1442 1443
1444 1445 1420
1446 1447 1448
1449 1450 1443
280 1451 1452
1453 1006 1454
89 1455 87
1456 1457 1451
1458 1435 118
448 117 1459
1061 1460 1461
1011 1446 1462
1463 1464 1465
1466 1467 1468
1469 1353 1356
1354 1335 1337
1470 1471 1234
400 1338 1472
1473 1336 1335
15 14 1474
1475 14 1476
1477 1478 1479
402 401 1234
1480 1237 1236
491 119 121
1481 1482 490
1483 1239 1237
490 489 362
1238 1237 1239
1484 1485 1486
461 462 1487
1488 1333 1489
1480 1236 1490
1491 1333 1492
1330 1493 1494
1331 1483 1332
1317 476 367
1330 1495 1493
1281 1283 1287
1496 1497 1498
1312 1311 1499
1265 1311 1274
1500 1501 1258
1502 1503 1504
1505 147 1506
1507 1501 1500
1311 1260 1274
394 537 1508
1506 147 612
393 392 1509
1510 618 1511
407 1512 494
1494 368 367
1303 504 1323
1323 1319 388
1322 1287 1286
1513 1303 1302
1514 365 364
1513 505 1303
467 466 145
1515 1312 1516
536 1517 1518
1519 1520 1521
381 1520 379
1317 369 1522
1523 1292 1288
1524 1525 503
1498 1526 1527
1343 1342 1326
120 1486 1487
1491 1492 1512
415 1528 1529
1327 402 1530
1531 1532 1231
1530 402 1471
1533 416 1534
1535 1475 1536
1537 1538 1539
1540 1474 1535
1463 1465 1541
1542 1543 1544
1545 90 1546
1547 1537 432
1548 1549 1550
1551 105 1552
1553 1554 1555
1556 452 1557
1552 1558 1551
1552 105 107
497 1559 1557
1560 1464 453
468 483 464
1561 1562 536
1563 1564 1565
1515 1516 136
1566 1561 1307
1567 1568 1569
1570 1571 1572
1573 1574 1575
608 1576 1577
528 1578 526
1547 431 487
471 1579 1309
1571 510 1580
1581 1582 372
370 1583 1584
1585 507 456
1564 1586 1587
1588 1582 1581
1578 1589 526
1590 1591 1582
1582 1592 372
1593 1591 1594
1591 1592 1582
1595 1589 1578
527 1596 1575
526 1597 1598
1599 1600 1601
515 78 513
522 514 516
1601 1602 1603
136 135 529
371 1574 372
135 1574 1573
1604 1605 1606
1567 1607 1568
516 1608 522
597 520 1609
533 1610 520
515 1611 1612
1613 1611 522
513 78 80
513 80 521
1614 166 1615
1616 550 1617
11 1618 114
1619 1617 617
1620 155 1621
1617 550 1622
1623 10 1615
1618 600 599
1624 1617 1619
1625 140 1626
617 1627 1628
581 1629 582
1630 599 1631
1632 1633 1631
1634 1625 1626
141 1635 612
1636 152 151
1637 1635 1638
378 377 517
1639 1575 1596
1640 532 614
1641 1642 377
1624 1619 1618
114 599 1630
609 1605 1576
1643 1641 1644
1310 1507 1500
609 1576 608
1633 1645 595
1646 1647 1648
1631 1633 1630
1505 1632 1631
1649 1650 1651
137 1652 1653
557 1654 555
1655 1656 1657
1658 1659 602
1660 585 584
1661 545 1662
1663 122 1664
1665 1666 1667
1668 570 594
1669 1660 1670
1671 1672 1659
577 1673 246
577 1674 1675
1676 1675 1674
1677 557 1678
583 582 138
551 550 1679
555 1654 1627
603 581 1680
583 138 1681
1682 1680 1683
1677 1683 1681
1684 603 1680
1685 603 1684
154 585 155
1686 1687 1688
1656 604 1657
1689 1690 1691
1692 1693 1661
1694 1695 1696
1697 559 558
1698 1699 1700
565 566 579
1701 560 1702
567 1697 1703
1704 1705 1706
1673 1707 246
572 1705 1708
1709 1673 576
1710 915 885
241 243 1711
1712 1713 1714
1715 928 1716
1717 1718 1719
1720 1721 1722
248 247 1723
1722 1718 1724
1717 1725 37
1726 933 251
1727 1718 36
1728 1729 1730
1731 1732 1733
249 1734 909
937 1721 1720
933 1726 1735
937 1720 959
1736 1737 1716
1738 1739 1740
1739 1741 1742
908 1743 249
937 959 938
1734 249 1721
904 917 905
1744 914 913
922 905 919
1745 1746 914
1747 1748 1749
1748 921 1711
1750 1751 1752
884 1753 1754
573 575 1755
915 1710 913
1756 1745 1757
1758 914 1744
1740 1759 1715
1760 941 1761
1762 1763 1764
1765 936 938
1766 936 1765
1767 1737 1736
1759 1768 1769
1770 1771 1763
911 1772 912
1773 1774 1775
1776 1777 1778
1779 1780 910
1761 1781 1782
1783 1784 1785
1676 1786 1675
1787 1788 1789
578 1675 1790
884 1791 1753
1792 1793 1794
1795 906 242
1796 245 565
246 1674 577
885 918 886
914 1758 1745
1797 627 1798
1703 1799 568
1800 627 569
559 1697 567
1801 1799 1802
594 570 576
137 139 1652
1803 1667 605
1804 1805 1806
1807 1808 1809
1810 627 1800
1681 137 1654
1811 1812 1813
623 1814 1815
1816 1817 1818
1703 571 1799
1819 1815 1820
1821 1802 1668
1822 1751 1750
1823 619 621
548 124 549
1818 1817 1824
554 548 547
1825 1665 1667
1666 1826 606
1827 582 1629
1828 1829 1830
1831 549 1832
1832 1806 1833
1823 1834 1835
1836 1837 1838
1834 1837 1839
1840 1839 1836
1306 1841 1304
1840 1842 948
1278 17 539
1833 1806 1805
1843 1835 1844
1845 1811 1846
1847 1804 1806
549 622 1848
1812 1849 1847
1775 1850 1851
927 1716 928
1852 1853 1854
1855 1856 1857
1858 1807 1859
1860 1773 1775
1861 1736 1716
929 930 1774
1862 1863 1850
1855 1783 935
927 1861 1716
1764 1782 1781
1764 1855 935
1864 1865 1854
1866 1867 1868
537 1511 618
1869 1870 1871
1852 1872 1873
1874 1875 1876
1877 1878 1879
1880 1881 1882
836 1883 1884
1885 667 669
268 833 1886
1887 674 673
1888 1889 1890
1885 669 1891
1892 676 834
673 672 675
1893 1894 674
834 674 835
1895 672 1894
159 834 157
1896 1897 162
637 1898 1899
1900 1901 661
1902 639 1903
1904 1905 1906
662 661 1901
1907 1908 1909
1910 655 662
1901 1900 1907
1911 656 666
655 1910 1912
649 656 1913
1914 1915 201
1916 660 197
1917 1918 1919
1920 1921 726
1922 1923 1924
726 1921 727
1925 1920 1926
1926 1920 1927
1928 727 1921
1920 726 1927
1929 1930 1931
1932 725 1933
1911 1934 1935
1936 1937 1925
1938 1939 1940
1941 1896 162
199 1942 1936
1943 1934 666
1928 1921 1944
1945 1946 31
1947 1948 1942
1949 1950 1951
659 1952 657
1953 1940 1950
1953 1949 1954
1953 1950 1949
1955 29 28
1956 734 1951
29 1957 27
1949 734 1958
1959 1960 1961
1962 1963 1964
1965 1966 1967
1968 30 1969
1970 1971 1972
1973 31 30
1974 1975 1976
30 657 1952
1977 1978 1979
1980 1981 1982
1983 1970 32
1983 31 1946
1984 1985 1946
1952 1950 1986
1941 1947 1987
160 1939 1938
683 1940 1939
1945 1973 1988
1986 1989 1969
1990 1991 1985
1992 1993 1994
1886 835 1995
1996 1899 1997
678 834 676
1998 1914 1999
2000 1996 1997
1996 638 637
2001 2002 2003
162 1897 160
684 683 1939
2004 718 2005
2006 2007 691
1991 1990 2008
2009 2010 1970
170 1974 2011
2010 2012 2013
1971 2014 658
2015 2016 2017
2018 2019 2017
2020 2016 694
2021 699 2022
2023 694 2015
2024 2025 2026
680 2027 695
2020 2018 2016
2020 694 693
694 2016 2015
2028 2029 2030
176 2026 2031
2032 2033 2022
688 2034 689
2035 2036 1687
1690 2037 1691
2038 2039 2040
2041 2042 2043
2044 2045 2046
2047 2048 2049
2045 2049 1686
2050 2043 2051
2052 2053 2054
2022 699 2055
2056 189 542
2057 1689 2058
2059 543 697
2060 2061 2030
713 2062 2063
2064 2065 2050
2047 2035 2048
2066 2067 2068
542 188 543
2069 2070 2052
2041 2043 2065
2071 2072 2073
2074 2075 2076
2069 2052 2077
2078 2079 2076
2077 2054 2080
2081 2082 2083
2084 2085 2067
2082 2086 2087
2088 210 2056
541 2064 2089
2068 2067 2087
2068 2087 2090
2088 2091 210
188 698 543
2092 2093 2094
188 542 189
705 704 179
2095 715 2096
2097 2098 2099
714 180 179
1977 1979 2100
2101 681 2102
2060 2103 2061
2104 184 2105
717 2106 2107
2108 1957 2014
2109 2110 2111
1957 2112 27
2113 1967 1966
2014 1957 658
2114 2115 2116
2117 2116 2110
2108 2118 1957
658 1957 29
2119 753 2120
2121 2122 2123
2112 751 27
2124 2125 2126
28 2119 2127
2128 747 2129
2130 2131 2132
2127 1962 28
2133 736 735
2134 2135 1961
1963 2127 2136
2114 2113 2122
2137 2138 2139
2112 2118 2140
2141 2121 2142
2122 2121 2141
2143 2144 2145
2146 710 2147
2148 2149 2145
2150 2151 1978
2152 2153 2154
2140 2154 752
2155 2156 2157
2158 2123 1966
2085 2084 2078
2159 2088 2056
2160 2161 2162
2163 2164 2157
208 2165 209
2166 187 2167
2076 2075 2085
2168 2083 2085
702 701 2086
2082 2081 712
700 2169 701
2170 2171 2091
2081 2172 712
2173 2174 2175
2144 2176 2148
2177 2166 2178
2179 2178 2180
2181 2182 2183
2134 1961 2184
2182 2185 2186
2127 2120 2136
2187 2188 2132
703 2147 704
2135 2189 1959
2190 724 723
2191 2192 2193
2194 767 2195
2196 2197 2198
748 747 2128
749 750 2199
719 2200 2201
746 2202 2203
2204 2205 775
2206 750 2207
775 2208 776
2209 2210 780
2132 2188 2211
2212 727 2213
2214 2215 2216
2134 2217 2218
2219 2220 2198
2221 2222 2223
2211 2186 2224
1933 725 2225
2224 2186 2184
2224 2226 2212
2215 2227 2228
2229 2230 2231
2222 2194 2195
767 2129 747
723 2232 2190
2198 2128 2129
2232 2220 2190
2205 2208 775
746 2233 747
2234 2208 2235
2199 750 2206
2236 776 2237
2234 2237 2208
2235 2208 2205
2238 2239 2240
2241 767 747
758 2242 2243
774 2244 775
194 193 2245
2246 729 2247
2244 774 2248
2249 748 2232
2236 2250 776
2251 730 2203
2252 2253 2254
2255 2256 2257
732 731 2245
766 2258 2195
2239 2238 195
729 2233 2203
1927 1932 2259
197 2260 2261
2252 2262 2253
2212 2226 2263
2264 1960 2253
2255 2265 740
2266 2267 2268
2269 2270 2268
2271 2272 2273
2274 738 2275
2276 2277 2278
2279 2280 2281
738 733 742
193 2282 2283
739 194 2245
2282 2284 2283
203 2285 2286
2287 2288 2289
2290 798 832
2291 2292 2293
2294 2295 744
2296 2297 2298
2284 762 2299
2294 2242 758
2300 759 2243
757 2301 2295
213 212 2302
2303 211 2304
211 2303 212
2302 212 796
821 823 2305
2306 2307 2308
2303 795 212
2309 2310 2311
795 2312 796
2313 773 2314
2313 2312 795
2315 207 206
2316 2317 2318
2319 2320 2321
802 2315 803
801 2322 2323
205 2324 2325
2310 2326 2311
2327 785 768
786 2328 800
2329 2330 2331
2209 2332 2333
2334 2335 2336
2337 2338 2339
2340 2341 2342
2343 2344 2345
2346 2347 2209
2348 2349 2350
804 2351 781
2348 2350 813
814 2210 2347
2352 2353 2354
2355 2356 2357
2319 2321 2358
2352 802 2359
2360 2361 2362
805 2210 2350
2363 2357 2364
2336 2365 806
827 829 2357
2334 2366 2339
2355 2357 2363
808 2342 2341
2367 2368 2358
2344 812 814
2344 2369 812
2365 2336 2370
2371 2372 2373
2374 2334 2375
2337 2373 2361
2376 2361 2377
2378 2360 2349
2379 2380 2381
2382 2383 2384
827 2356 2385
2367 2321 2386
2387 2370 2335
2388 2385 2389
2390 2391 2392
2359 801 2393
2394 2395 2396
2397 2398 2396
2392 2399 2390
2396 2383 2400
2401 2402 2403
2383 2395 2384
2401 828 2402
2400 2397 2396
2404 2405 2317
2406 2290 772
2407 2408 2409
2359 802 801
2410 2411 2412
798 2413 799
2414 2415 2416
816 223 2417
2305 2418 2419
862 2420 863
2421 2422 2423
2424 2425 2426
2427 2428 2429
867 869 2424
2430 815 793
2425 2424 2431
2432 2433 2434
2424 2426 2435
2436 2432 2437
2438 815 2430
2439 2440 2441
2442 2443 2444
2445 831 2422
2446 2419 2418
2447 830 2410
2448 799 2449
2409 2450 2451
2452 772 771
831 2453 2422
791 2421 789
2416 2413 2454
2454 2455 2318
2454 2406 2455
2353 2452 2354
2456 815 2438
794 2457 2458
2418 789 2421
823 2459 2305
2460 2461 652
653 817 2462
164 2427 2429
652 2463 653
654 653 2462
2464 2465 2428
164 2466 2435
2467 2428 2427
2426 2427 2435
2468 2469 855
2470 2460 864
2471 858 2472
651 819 645
2473 2468 2474
2475 860 859
850 820 2473
651 2476 2472
2477 224 816
2478 2460 2470
2479 843 2480
642 2481 2482
636 635 646
820 646 645
632 2483 633
837 663 2484
2485 840 839
215 2486 2487
2488 844 2489
2490 2491 2492
2493 2494 2495
2491 2495 631
2494 2496 632
2495 632 631
2497 630 670
2498 2499 2500
641 2501 642
2482 2502 628
636 2503 2504
640 642 2505
2506 2507 2508
25 2509 26
2510 2511 2512
2513 2514 2515
2506 234 2516
2517 2518 25
2519 2520 2521
25 24 2517
234 2522 239
2523 2511 2524
53 2525 2519
2526 22 21
2527 2528 2529
2530 2509 2531
2520 2532 2533
2527 2534 53
2535 2536 2515
2527 53 2519
2533 2537 2521
263 2518 261
2516 234 2538
261 35 262
2539 2540 2541
2488 43 844
2493 2495 2490
2542 873 2543
2544 2545 2541
2495 2491 2490
2546 2547 2479
2472 858 856
2462 865 654
818 817 653
2426 2548 2467
2426 2467 2427
2498 2500 629
2549 2550 2551
2552 2553 866
2554 2555 2556
2557 817 2417
2558 2559 871
985 2560 872
2561 871 2559
870 2558 871
2562 2563 2564
2565 895 897
2566 2567 2568
2569 2570 2571
2561 985 871
2559 2558 2572
2573 254 2574
2574 254 2575
874 253 2576
2577 2578 2579
974 976 2580
1730 962 2581
2582 2558 2583
2584 2585 2586
2562 2568 2563
2587 2588 2560
2589 964 963
2590 2591 2592
2593 2594 2595
39 932 2596
2597 2598 2599
1731 1733 2600
2601 2602 2603
2602 1732 2603
2604 2585 2584
2590 2592 2605
46 254 47
2606 966 2607
2608 953 2609
2610 2611 2612
2613 2607 2614
254 46 2575
2615 1864 2616
2617 2618 2619
2603 39 2596
2620 931 2621
2622 2623 2624
2615 2616 2625
2626 2627 2628
1870 2629 2630
2623 1866 2631
2625 2632 2633
2634 2633 2632
2626 960 2635
952 2626 2635
2636 2637 2638
2639 2640 2641
946 2627 947
945 951 2642
2643 2640 2644
2611 2645 2646
2592 2591 967
967 966 2592
946 945 2647
2639 2648 2649
943 2650 2651
2652 2653 2654
970 2655 2656
2646 984 2657
2658 2580 2659
2660 2661 2662
2663 2652 2654
47 2664 45
2665 2654 2653
986 988 976
2659 2666 2667
2667 2578 2668
888 2669 889
2670 2671 2672
991 990 2669
889 2669 2673
2674 995 981
2675 861 863
2676 2669 888
2669 990 2673
981 977 2677
2677 2678 2679
2680 977 979
2681 2682 887
2670 887 889
991 2669 2676
2683 888 887
2684 809 2678
2685 259 875
2686 2687 973
2572 972 2559
973 2687 264
2688 2561 972
2689 2561 2690
2691 264 266
2692 2693 2694
264 2691 971
2695 266 2696
2697 878 2694
2698 2693 2699
878 880 2694
2692 2700 2693
260 880 2701
875 259 258
899 2702 2703
2702 2704 2597
875 2705 2685
2706 2690 2685
2707 2679 2678
2707 809 811
877 2708 2709
2710 2709 2711
2712 2701 879
2713 2709 2714
2704 2712 879
2715 2716 2717
899 898 2702
2718 2719 2534
2720 2721 2722
2526 2722 2525
2519 2525 2722
891 2719 2718
2529 2723 2724
2719 53 2534
2724 2723 218
226 2725 227
2726 2727 901
892 2728 890
2727 2729 902
903 2730 2731
2552 2732 2733
2498 628 2734
2735 2736 2729
2737 2738 2739
824 866 2740
2554 2741 2555
2739 2742 2737
2743 2714 2708
2736 2744 2729
2745 2746 2736
2747 903 902
2748 2749 2750
2556 2555 2751
2388 2389 2379
2739 2738 2556
2748 2750 2752
2753 2754 2554
444 446 2755
2756 445 2757
2758 2759 2760
2758 2761 2762
2758 2760 2761
2763 999 2764
445 2765 446
2763 1000 999
2755 446 2766
1045 2767 1000
446 1007 2766
1007 1008 2766
2762 2761 444
2762 444 2755
998 1008 999
2768 998 1000
2767 1045 2769
2770 1013 2771
2772 1014 1013
68 2773 2771
68 67 2773
2773 2770 2771
1014 2769 1044
66 2774 67
1015 2774 66
1015 270 1099
2772 2775 2767
2776 2775 2772
1013 1012 2771
2776 2772 1013
2776 1013 2770
2768 1000 2767
2768 2767 2775
1045 1044 2769
2767 2769 2772
68 2771 1095
68 271 66
1093 2777 1005
1012 1095 2771
1099 270 1046
1095 271 68
271 1095 1047
1005 2778 1006
1097 1099 1046
1047 270 271
1094 1097 1046
1094 2777 1093
443 2779 441
2763 1045 1000
2772 2769 1014
1012 1096 1095
1012 1014 1096
2778 1454 1006
2780 2756 2781
2764 999 1007
442 2763 2782
2765 1007 446
441 1044 442
2783 102 2784
2785 2782 2765
445 2761 2757
2765 2782 2764
2765 2764 1007
442 1045 2763
2782 2763 2764
2761 2760 2757
2780 2786 2756
2760 2787 2757
2761 445 444
2785 2765 445
2756 2787 2781
2787 2756 2757
2785 445 2786
2788 1051 1049
445 2756 2786
443 442 2782
1024 1032 1037
2789 1035 1036
1034 1037 2789
1036 1030 1029
2780 2781 2788
1048 2780 1049
1050 1049 1028
1037 1039 1035
1037 1035 2789
439 438 1040
1039 1040 1035
438 103 1038
1040 1038 1030
2790 1023 1022
1027 1032 1031
2791 1033 1023
2792 1025 1031
2791 1031 1033
2791 2792 1031
2792 2793 1025
1026 1042 440
2793 1043 1025
1031 1025 1027
2793 2794 1043
2794 1433 1043
272 274 1433
2795 1433 2794
1041 440 1042
274 1042 1433
1050 1038 103
1420 1041 1421
1441 104 2796
1445 2796 438
1043 1042 1026
1027 439 1039
1026 440 439
1026 439 1027
440 1445 438
1040 438 1038
2797 1050 103
2796 103 438
2783 2797 102
1443 2798 1449
103 2796 104
102 104 2799
1452 2784 278
1450 1449 1448
1452 2800 2784
2799 2784 102
1457 2800 1452
2801 2802 2803
1087 1454 2778
1466 2804 2805
1021 1004 1006
450 1059 1055
2800 1457 1087
1085 2777 1047
1457 1454 1087
1047 2777 1046
2777 2778 1005
1093 1002 1001
1086 441 1087
2779 2783 2784
441 2800 1087
441 1086 1044
1085 2778 2777
1046 2777 1094
2806 2797 2783
102 2797 103
1048 2797 2806
2779 2784 2800
2806 2783 443
441 2779 2800
1048 2786 2780
1049 2780 2788
2785 2786 2806
2797 1048 1050
2786 1048 2806
2785 443 2782
2783 2779 443
2806 443 2785
1096 1044 1086
1096 1085 1047
1087 2778 1085
1086 1085 1096
1005 1004 1054
1005 1054 1093
1002 1055 1081
1059 1062 1082
1063 425 2807
426 277 427
425 427 1083
2808 276 275
277 300 1060
2809 1066 1071
2810 1071 1070
2811 2810 1070
61 1070 1053
1068 433 1077
61 434 1070
1429 428 2808
276 428 301
2812 1075 1067
1065 1067 2813
1053 1071 1052
1052 1065 1426
1062 425 1082
1059 1082 1058
2814 426 1061
1062 426 425
428 276 2808
2815 1056 2816
1055 1054 451
1084 2817 2818
1459 449 2819
1004 451 1054
1055 451 450
1059 450 2815
1071 1066 1052
2813 1074 1429
1426 435 1052
1065 1052 1066
1068 434 433
60 433 61
1074 428 1429
2820 2814 2821
1067 1074 2813
2820 2822 1430
1427 1065 2813
1427 2813 1428
283 2823 2824
1079 2825 2826
281 283 54
55 54 2827
2828 1412 1413
2829 1077 433
2824 1414 2830
2831 2828 2826
2827 2830 2832
2828 437 2826
303 284 56
92 56 55
1415 94 2833
92 2833 56
2834 1417 94
2833 94 95
1215 1417 2834
94 1417 59
59 1417 2835
285 1396 286
2835 1416 2836
2836 287 2837
281 327 282
283 282 2823
2838 327 281
284 281 54
2837 286 1221
1221 65 1206
1076 1068 1078
2825 1078 2826
2831 2826 1078
2831 1078 1077
2823 282 437
2823 437 2828
2838 281 284
303 56 2833
2839 284 303
95 303 2833
2836 2840 2835
1416 2835 1417
1416 287 2836
2841 1221 1208
287 286 2837
2836 2842 2840
286 65 1221
2837 2841 2842
57 59 2835
2840 57 2835
58 302 95
2836 2837 2842
2837 1221 2841
2825 1076 1078
2826 437 1079
302 2839 303
1071 2810 2809
1073 1209 296
434 1069 2811
434 2811 1070
2839 2838 284
1067 1075 1074
1066 2812 1067
1066 2809 2812
1058 1082 1063
1064 1063 2843
425 1083 2807
1063 2807 2843
2844 294 1091
1001 1092 1016
2845 1098 1099
1016 1094 1001
1092 1001 1003
1093 1054 1002
1080 2846 1101
1058 1064 1081
1058 1081 1055
1003 1081 1080
1003 1080 1090
1064 2843 2846
1064 2846 1080
1017 2847 1018
1016 2845 1097
1100 2848 1098
1098 2848 2849
2774 1015 2849
1015 1098 2849
1016 1088 2845
1097 2845 1099
1016 1018 1088
2845 1100 1098
1089 2850 2851
1089 2847 2850
2851 2848 1100
1088 1100 2845
2850 2847 2852
1018 2847 1089
1100 1089 2851
2852 1210 1209
2847 1017 1210
2847 1210 2852
296 1210 294
1092 1017 1016
1210 1017 294
1102 1091 1090
2844 1103 294
1091 294 1017
1073 1072 2853
296 295 1073
1102 2844 1091
1103 1072 295
1113 2854 1122
1113 1122 1114
70 2854 1113
1149 2855 1123
70 1113 71
71 1123 69
1149 1123 1147
1114 1147 71
1118 312 311
1114 1117 1146
1146 323 1149
312 1119 1115
1117 1115 1146
320 1115 1117
1116 318 1117
310 312 2856
318 320 1117
96 309 97
2857 1196 1191
345 1390 2858
292 316 293
1219 1212 2859
1111 2860 1163
1164 334 1165
2856 2861 310
7 1380 2862
2863 1393 310
2861 2856 2864
2865 1118 313
1393 311 310
2861 2866 1389
2856 319 2864
2861 2864 2866
320 319 2856
320 2856 312
322 85 323
1115 323 1146
86 85 322
2867 321 2868
2868 1119 1118
2868 1118 2865
1119 2868 321
1119 321 1115
314 1392 1383
322 321 1120
1120 2867 2869
1121 2869 2870
1121 2870 1172
1121 2871 86
2869 1121 1120
2867 1120 321
84 1131 1126
1130 2872 1133
2873 1132 2871
1172 2871 1121
84 1125 2874
2874 1125 2855
86 2871 1131
1151 1150 2875
1129 2872 1130
1131 1151 1126
2874 2855 1149
1147 1123 71
85 2874 1149
85 1149 323
86 1131 84
85 84 2874
2855 1124 1123
2855 1148 1124
84 1126 1125
2855 1125 1148
1126 2875 1127
1131 1133 1151
1126 1151 2875
1133 2872 1150
1130 1133 1132
332 2876 1128
2873 2877 1132
2871 1132 1131
1128 1130 2877
2878 2873 1153
2873 2878 2877
1132 2877 1130
2876 1129 1128
332 1128 2878
76 2879 332
333 332 2878
1141 1145 4
5 2878 1153
332 2879 2876
2880 2879 76
75 77 1145
75 395 2880
72 2881 73
413 2881 72
72 74 1144
413 2882 2881
2883 2882 1137
2884 1143 2885
2886 2882 2883
1137 413 1138
1143 1144 1141
413 412 1138
1139 1138 399
2882 413 1137
2883 1137 1139
2880 76 75
395 74 73
412 72 1144
1145 74 75
2884 1144 1143
1141 1144 1145
412 1144 2884
2885 1143 1142
1138 412 2884
1138 2884 397
398 397 2887
2887 397 2884
397 399 1138
2887 2884 2885
1142 1140 2888
2889 2890 2891
1140 4 2890
2888 2890 2889
1143 1141 1140
2888 1140 2890
2891 6 2892
325 1152 1153
6 1152 2892
2890 6 2891
1128 2877 2878
333 2878 5
4 77 5
6 5 1152
6 2890 4
77 4 1145
325 2873 326
1172 326 2871
325 1153 2873
326 2873 2871
2892 1152 2893
1171 1172 2870
324 326 1171
2893 325 324
1152 325 2893
360 1105 1112
357 1104 359
353 1177 2894
2894 1183 2895
1178 1180 1183
1163 1179 1178
2896 1104 357
359 1105 360
2897 2898 341
342 357 1401
1166 2899 1167
340 342 2900
341 2896 357
341 2898 2896
2897 2899 2898
1165 334 1106
2858 316 292
2866 1390 1389
2861 1389 2863
311 1393 313
1226 1384 2901
2865 313 315
2858 292 345
1388 1387 2902
310 2861 2863
1393 2863 1392
313 1393 314
2903 1167 354
2897 1167 2899
335 334 1164
335 1164 2903
334 336 343
334 343 1106
1389 345 8
1389 7 2863
1389 8 7
2863 7 2862
2862 1381 1392
2862 1392 2863
1392 1381 1383
314 2904 315
314 1383 2904
2905 1186 2906
1383 2906 2904
1364 2905 2907
2908 2901 1185
2902 346 291
292 346 345
292 291 346
8 1387 9
1381 1391 1382
1383 1382 2906
2897 341 340
2900 342 1400
1167 2897 354
354 340 355
2897 340 354
1167 2903 1164
1401 357 359
1401 359 358
1376 335 2903
356 2903 354
336 2909 344
336 344 343
2860 1179 1163
1176 1183 1177
1112 2860 1111
2910 1163 1178
1159 360 1111
1159 1111 1157
2910 1178 1176
2911 1158 1157
2911 2910 1181
2910 1157 1163
360 1159 358
420 422 1402
297 419 304
304 2912 305
352 1177 353
2912 353 2913
1161 1110 298
2914 1154 2915
299 419 297
298 297 1161
418 2912 304
297 304 306
1205 1200 1199
1197 2916 2917
1155 1205 1199
348 1202 349
1110 337 1204
1156 348 350
298 1110 1204
2914 2918 299
353 2894 2913
305 2913 2919
1177 1183 2894
2913 2894 2920
2912 2913 305
2921 1162 306
1183 1180 2895
2894 2895 2920
1161 1160 1110
305 2921 306
2913 2920 2919
305 2919 2921
2922 1192 1200
1205 339 2923
1200 2923 2922
338 1110 1160
2922 1190 1192
1200 1192 1201
1155 337 1205
1200 1205 2923
306 1162 1161
306 1161 297
2924 1109 1198
1188 2925 1405
1191 2926 2857
2924 2857 1109
1109 1108 1193
2857 2926 1107
2857 1107 1109
1190 2926 1191
1192 1203 1201
64 2927 1206
289 2859 2928
1193 1194 2925
307 309 96
1211 96 2929
1219 289 288
2925 308 307
2929 1404 2930
1194 308 2925
1193 2925 1188
2928 1207 2927
64 1206 65
64 290 2927
1206 2927 1207
2927 290 289
2927 289 2928
1373 98 1219
289 1219 2859
2857 2924 1196
348 1199 1201
1191 1196 1203
1191 1203 1192
1405 307 1211
2925 307 1405
1407 1198 1187
1188 1198 1193
1373 1219 288
1220 288 290
2929 98 1373
1404 1403 2931
96 98 2929
1211 2930 2932
1364 1184 2905
1382 2905 2906
1169 2908 1184
2905 1184 1186
1169 1168 2908
1184 2908 1185
2901 2908 1226
1384 1226 1385
331 1385 329
1170 1365 1168
1226 1225 1385
1385 1225 1173
1366 1365 1369
1367 1174 1173
1367 1173 1225
2933 1169 1363
2907 2905 1382
2933 1170 1169
1364 1169 1184
1226 2908 1168
1225 1168 1365
1364 1363 1169
1368 1170 2933
1359 1367 1366
1359 1366 1370
1365 1170 1368
1370 1366 1371
1360 1348 1370
1360 1370 1371
1359 1370 1357
1347 1346 2934
2935 1357 2936
1346 2937 410
2936 1347 2934
2938 2934 409
2935 1358 1357
1347 1357 1348
2938 2939 2936
2936 1357 1347
2939 2935 2936
2938 2936 2934
2940 1324 1283
1282 2940 1283
1320 504 503
1300 1299 2941
1300 2941 2942
1298 2943 1299
474 129 1252
129 128 466
2944 2945 2946
2947 2946 2948
2945 1252 466
1272 2949 2948
2950 1222 1227
1350 1228 1351
2951 2952 20
471 470 1271
1272 1271 2949
1224 2938 409
414 1351 1228
2939 2938 2953
1222 1224 1229
1224 409 1229
1222 1229 1228
2953 2938 1224
1224 1223 2953
1222 2950 1223
2954 2950 1227
2955 1227 1228
1228 1350 2955
1227 2955 2954
534 2956 2957
1313 1518 391
2958 257 1136
2957 2958 535
134 2959 135
1518 1313 2956
1266 1274 2960
1264 1263 1277
1264 1277 1276
1275 1504 2961
1276 1275 2961
2962 2963 2964
2965 539 17
16 1268 17
1877 1879 2966
18 17 1278
1279 1280 1841
1279 1278 1280
1841 1306 2967
1305 618 1510
1504 1503 2961
1502 1504 2968
2962 2964 2969
1502 2970 2969
2971 1503 1502
1273 1275 2960
2964 2971 2969
2968 1504 1273
2970 1502 2968
1502 2969 2971
1267 2963 2972
2973 2962 2969
538 618 1304
1280 1304 1841
2974 1268 2972
2972 1268 1267
1278 539 538
1280 538 1304
1510 1511 2975
2969 2970 2973
1259 1273 1260
2972 2962 2976
2977 1259 2978
2963 2962 2972
1268 2974 2965
1277 1263 1266
389 391 1517
1265 1274 1266
523 1266 1263
1274 1273 2960
1266 2960 1277
524 1261 389
523 525 1265
1262 1261 524
1263 524 523
1273 1504 1275
2960 1275 1277
1257 256 255
1518 2956 534
535 534 2957
389 1517 525
1566 1307 2979
470 469 1270
1257 255 1269
1518 534 536
1136 535 2958
2980 1289 477
1245 1294 1244
2981 384 2982
2981 2982 2983
1318 2980 2984
478 480 1244
1135 1134 1250
1319 1320 2985
366 2986 374
366 388 2986
2986 388 2987
1296 1295 2942
524 389 525
2988 134 1499
2976 2973 380
2977 2970 1259
380 379 2976
2973 2976 2962
17 1268 2965
539 1508 537
391 1518 1517
525 2988 1265
394 1508 2989
1508 539 2965
2975 1511 393
1308 1256 1255
469 1255 1270
2979 256 1257
1255 1257 1269
535 1136 536
1581 1574 135
2941 1296 2942
505 1524 503
473 130 474
472 474 1254
1309 469 471
2990 2991 2992
2972 2976 2974
2965 2993 1508
1511 537 394
2994 1519 2995
2949 2947 2948
1272 1579 471
1257 1256 2979
1136 1307 536
1561 536 1307
2979 1307 256
2940 2943 1324
1285 1527 1286
2943 1298 1324
1283 1324 1287
2947 2944 2946
2948 2946 2996
1288 1317 1523
1292 2984 1288
503 1295 1320
2985 1320 1297
1496 2942 1525
1320 1295 1297
1251 479 1249
2997 2998 2999
479 478 1249
1250 1290 1135
2987 388 1319
2987 1319 2985
1329 475 382
2981 382 384
477 1288 2984
477 2984 2980
1293 1244 1294
2984 1294 1318
3000 495 494
1491 406 1331
2983 3000 494
3001 1495 3002
2982 3000 2983
1330 1494 1329
1481 490 1341
3003 3004 3005
462 403 1325
362 1325 363
1338 1342 1344
3006 1235 401
3007 3003 3008
3009 3010 1344
3007 1481 3003
3011 3010 3009
1340 1472 1338
1340 3012 1472
1338 400 1342
403 1 404
3013 1483 1237
1 3 404
3014 3015 3016
1483 1243 1239
1238 1240 3016
408 1241 406
407 406 1491
3003 1341 3004
1240 1239 1242
2 3015 3014
2 3014 3
3015 1238 3016
1338 1344 1339
3004 1341 361
3008 3003 3005
1339 1344 3010
3008 3005 3011
3008 3011 3009
459 99 1334
3017 1230 502
501 3018 502
3006 401 1472
3012 3006 1472
1348 1361 1346
410 3019 411
488 2951 20
19 3020 488
2934 1346 410
2934 410 409
409 411 499
1229 1345 1228
414 416 1351
1349 2952 2951
424 1528 1345
499 1345 1229
1476 20 2952
1351 2952 1349
100 3020 13
14 20 1476
3020 19 13
101 15 3021
3022 500 1232
108 396 3023
3023 396 3006
3023 3006 3012
460 1353 3017
501 500 109
110 109 500
1232 500 502
1233 110 3022
3022 1232 1532
1345 1528 414
1345 414 1228
459 1334 460
458 3017 3018
458 460 3017
3018 3017 502
1391 3024 3025
2907 1362 1364
3025 2907 1391
2902 291 3026
9 1386 3027
1379 1381 2862
9 3027 1380
1378 3024 1379
347 3028 2909
3026 291 344
3029 3026 2909
1175 1177 352
3030 3028 347
3031 2902 3026
419 3032 417
3032 419 299
3033 1175 352
1396 1418 63
2932 3034 3035
1187 1198 1188
2932 3035 1189
1189 3036 1187
3037 1438 1428
3038 2834 1415
1156 350 1374
2918 3032 299
1375 3039 351
2824 1413 1414
1217 3040 1220
2829 3041 3042
60 1408 3041
1412 2828 2831
60 3041 2829
2829 3042 3043
2827 2824 2830
93 55 2832
3044 1215 2834
3040 1372 1220
1203 1195 1202
2915 2918 2914
1407 2916 1197
3039 3033 352
1158 3045 421
1158 421 420
1400 342 1401
2900 3046 1399
355 1398 356
1377 356 1398
3047 3046 1400
1377 3030 1376
3025 1362 2907
1391 2907 1382
3027 1378 1380
9 1380 7
3024 1391 1379
1380 1379 2862
1397 3045 2911
1159 420 358
1159 1158 420
358 1402 1401
422 3047 1402
420 1402 358
353 2912 351
1375 418 417
3039 352 351
418 351 2912
2910 1176 1181
1182 1175 3033
1176 1175 1181
2910 2911 1157
3045 1158 2911
1397 2911 1181
3046 2900 1400
3047 1400 1402
2900 1399 355
2900 355 340
2903 356 1376
347 1376 3030
3028 3029 2909
347 2909 336
3029 3031 3026
2909 3026 344
1387 346 2902
1388 2902 3031
8 346 1387
9 1387 1386
3048 349 1202
3048 1195 2917
1201 1202 348
1199 1156 1155
1199 348 1156
1155 1154 1204
1203 1196 1195
1202 1195 3048
298 1204 2914
2915 1154 1374
1204 1154 2914
298 2914 299
2931 3034 2930
1211 2932 1405
3035 3036 1189
2932 1189 1405
2924 1198 1407
1406 1187 3036
1197 2924 1407
2916 1407 1406
1196 2924 1197
1195 1197 2917
2813 1429 1428
1427 1428 1438
1425 1409 1426
1427 1426 1065
1211 2929 2930
2932 2930 3034
1418 1216 63
64 1218 290
1404 1373 1372
1403 1372 3040
2929 1373 1404
2930 1404 2931
91 3038 1415
92 1415 2833
3038 3044 2834
1415 2834 94
287 1416 1214
1213 1215 3044
1213 1394 1214
1215 1214 1416
1395 1396 285
1214 285 287
1216 1218 63
1396 63 65
1410 1412 3043
2828 1413 2823
2823 1413 2824
2827 2832 55
283 2824 2827
283 2827 54
433 60 2829
1077 3043 2831
3042 1410 3043
2829 3043 1077
1411 1413 1412
3043 1412 2831
451 1020 2819
3049 1019 2818
1061 2816 1460
1451 1466 1456
3050 1021 1006
2817 3051 3052
2805 1453 1456
1453 3051 3050
1019 1084 2818
1084 3051 2817
1466 1451 1467
3053 1459 3054
3054 1020 1019
451 2819 449
450 449 1057
2821 2814 1461
2820 2821 2822
1458 447 3055
1430 2822 3037
431 1547 432
450 1057 2815
1059 2815 1062
3056 2816 1056
2815 2816 1062
1062 2816 1061
426 2814 275
2820 275 2814
1461 2814 1061
2808 275 2820
1430 3037 1428
2808 2820 1430
2808 1430 1429
1466 2805 1456
1457 1456 1454
2805 3051 1453
1456 1453 1454
1020 1004 1021
3050 1006 1453
280 1467 1451
1452 1451 1457
1084 1021 3050
1084 3050 3051
451 1004 1020
2819 1020 3054
2796 1445 3057
1419 1421 3058
3059 279 278
2799 278 2784
1442 1441 3057
1444 3057 1445
2796 3057 1441
104 3060 2799
104 1441 3060
2799 3060 3061
1432 273 272
2795 272 1433
1420 440 1041
997 273 1422
1445 440 1420
1444 1420 1419
2795 3062 272
1423 1422 273
1423 273 1432
1421 1041 3063
3062 1432 272
1440 1423 1431
3064 1432 3062
3057 3065 1442
3065 1419 3066
2798 1443 1442
3065 3057 1444
1448 1447 1450
2799 3061 278
1455 280 279
278 280 1452
3067 1442 3065
1419 3065 1444
3060 1441 1443
3060 1443 1450
3061 3060 1450
3061 1450 1447
3064 1431 1432
1041 997 3063
3063 1422 3068
997 1422 3063
1421 3063 3069
3070 1439 1424
1422 1439 3068
3063 3068 3069
1440 3070 1424
3069 3058 1421
3058 3066 1419
1011 1447 1446
3059 1010 279
2803 90 87
1447 1011 3059
280 1455 1467
3066 3067 3065
3067 2798 1442
3061 1447 3059
3061 3059 278
89 1467 1455
87 1455 279
1459 2819 3054
3071 3054 3049
1057 449 117
3053 3054 3071
448 118 117
1459 117 449
2815 1057 1056
2816 3056 1460
1436 3056 1056
3052 3051 2805
3054 1019 3049
1057 117 116
1056 116 1436
89 1468 1467
3052 2805 2804
1468 2804 1466
453 3072 1560
454 453 1463
3053 3071 3073
448 1459 3053
448 3053 1549
1548 3074 1549
3073 1549 3053
447 1458 118
118 1435 116
3075 1548 3076
1549 3074 448
3077 3055 447
3074 447 448
3072 3078 3079
1549 3073 1550
447 3074 3080
3080 1548 3075
3081 2801 1009
2802 1464 1546
1546 90 2802
1010 3059 1011
3082 1545 1546
1464 2802 3083
3083 2802 2801
3084 3081 3085
1009 2801 1010
279 2803 87
1545 88 90
2802 90 2803
1009 1462 3086
3083 2801 3084
1462 1009 1011
2803 279 1010
2803 1010 2801
3081 3086 3087
3087 3085 3081
3086 3081 1009
2801 3081 3084
3083 3084 1465
3085 3087 3088
3085 3088 1541
3084 3085 1465
3083 1465 1464
3089 3090 3075
1548 3080 3074
1346 1361 2937
1548 1550 3076
1529 1528 3091
1528 424 3091
415 1534 416
1351 1533 2952
3088 1544 1541
3085 1541 1465
1560 1546 1464
453 1464 1463
3072 3092 3078
3082 1546 1560
3082 1560 3079
3077 3080 3090
3089 3075 3093
447 3080 3077
3055 3077 3094
3095 3096 1542
1544 1543 1541
454 1463 3096
1543 1463 1541
3080 3075 3090
3077 3090 430
3097 430 432
411 3019 423
1529 3098 415
1528 415 414
2937 3019 410
3099 1476 1533
416 1533 1351
3100 1475 1476
1533 1476 2952
110 500 3022
1469 1356 3101
400 1327 1342
1344 1343 3009
1334 101 3021
1469 1230 1353
1334 3021 1352
1334 1352 460
3017 1353 1230
502 1230 1232
3008 3009 3102
3102 1478 3007
3103 1343 1326
1343 3102 3009
1477 1481 3007
3102 3007 3008
1477 1482 1481
3003 1481 1341
1482 491 490
1341 490 362
462 1325 489
121 489 491
1485 492 461
2 493 3015
3015 493 1236
3015 1236 1238
1331 1243 1483
1332 1483 3013
1 403 461
1487 462 121
492 1 461
461 1487 1485
2 1 492
1485 1487 1486
13 19 14
1474 14 1475
101 13 15
3021 1473 1335
396 110 1233
1233 3022 3104
1235 396 1233
1234 1233 3104
3006 396 1235
401 1235 1234
402 1327 400
401 400 1472
1249 1248 1291
1249 1291 1250
373 1135 385
3105 1291 3106
478 1244 2999
3107 3105 3106
1291 1248 3106
1293 2999 1244
3106 1248 2998
2999 1248 478
1135 1290 385
1301 1323 365
373 385 364
373 364 366
1254 474 1252
1253 2945 2944
472 1284 473
473 1281 463
463 130 473
1281 473 1284
1253 1252 2945
2946 2945 465
2968 1273 1259
1500 1260 1311
2970 2968 1259
1258 1260 1500
2973 2970 380
380 2977 518
518 381 380
2977 380 2970
2974 2976 379
2974 2994 2993
3108 2989 2993
2974 2993 2965
1517 536 1562
1517 2988 525
1517 1562 2988
1499 134 1516
3108 2993 2994
2993 2989 1508
2945 466 465
145 3109 467
1255 469 1308
1571 3110 508
3111 1256 1308
3111 1308 1570
474 130 129
1252 129 466
2946 465 2996
2948 2990 1272
2948 2996 2990
126 144 3112
381 1521 1520
379 1520 2974
2974 1520 2994
3113 3114 392
2978 1259 1258
1507 3115 1577
2977 2978 518
381 519 1521
1509 392 3116
2995 3108 2994
1322 468 463
1287 463 1281
1272 2990 1579
1309 1570 1308
134 1562 2959
1566 3111 3117
1300 2942 1496
1300 3118 1298
1527 1285 3118
1496 3118 1300
1298 3118 1285
1324 1285 1287
1303 505 504
1323 504 1319
1525 1295 503
2942 1295 1525
1497 3119 3120
2983 3002 1495
2983 1495 2981
2981 1495 1330
2981 1330 382
1294 2984 1292
1523 1317 1522
406 1243 1331
1491 1331 1333
407 1491 1512
3001 1493 1495
494 1512 3002
494 3002 2983
1523 3121 3122
2999 2998 1248
1290 1291 3105
3105 3107 1246
1293 1292 3122
3123 3124 2997
1292 1523 3122
3125 3106 2998
1293 3122 2997
1293 2997 2999
385 1290 386
386 3105 1246
3126 1514 387
1514 1301 365
3127 505 1513
1301 1303 1323
1290 3105 386
385 387 364
3126 387 1247
1247 387 386
1302 1301 3128
387 1514 364
505 3127 1524
1525 1497 1496
1525 1524 1497
1496 1498 3118
128 130 464
483 3129 484
2979 1256 1566
3130 3131 1590
3132 3117 1588
3111 1566 1256
1265 2988 1499
1265 1499 1311
608 3115 1515
1311 1310 1500
3133 519 518
2989 3108 3113
1315 1314 3134
1527 3118 1498
3120 1498 1497
1321 1286 3135
1526 1498 3120
2996 465 467
2996 2991 2990
2978 1258 3136
1258 1501 3136
2978 3133 518
3136 3133 2978
2994 1520 1519
3113 3108 3137
2995 3137 3108
2988 1562 134
1516 134 136
3115 1310 1312
1516 1312 1499
1310 3115 1507
1579 2990 2992
1579 1570 1309
1579 2992 1570
3111 1570 3117
1581 135 2959
1561 2959 1562
1524 3127 3119
1524 3119 1497
128 464 483
128 482 481
463 1287 1322
468 1322 3138
466 481 145
467 3109 2991
2996 467 2991
3112 144 508
3124 2998 2997
3128 1514 3126
1301 1514 3128
3123 2997 3122
3124 3125 2998
3125 3107 3106
1355 3101 1356
1352 1356 1353
1231 1230 1469
1231 1469 3139
1336 1473 1540
1474 1540 1473
3021 1354 1352
3021 1335 1354
1352 1354 1356
15 1474 1473
15 1473 3021
1342 1327 1326
1343 3103 3102
1478 3102 3103
3140 3103 1326
1477 3007 1478
3141 1478 3103
491 1482 3142
3140 1326 1328
462 489 121
1487 121 120
1332 3013 3143
1484 3144 1485
1333 1332 1489
1480 3013 1237
1333 1488 1492
1512 112 3002
111 3001 112
1492 112 1512
1494 1493 3145
112 3001 3002
1329 1494 367
1317 367 369
3146 1532 1531
1231 1532 1232
1470 1234 3104
1532 3104 3022
1328 1327 1530
1471 402 1234
493 492 3144
3144 3147 1490
492 1485 3144
3148 3013 1480
493 3144 1490
493 1490 1236
3094 3077 430
3094 430 3097
1535 1474 1475
3100 1476 3099
424 423 3091
3149 3099 1534
3098 1534 415
3150 3100 3099
1534 3099 1533
3096 1543 1542
3092 1557 3151
3075 3076 3093
1463 1543 3096
1558 3095 1551
453 1556 3072
1560 3072 3079
431 3090 3089
487 3152 485
1558 3096 3095
1556 453 452
498 454 1558
3089 487 431
3090 431 430
1539 3153 173
1536 1475 3100
1536 3100 3150
3089 3093 3152
3089 3152 487
1534 3098 3149
3099 3149 3150
454 3096 1558
498 1558 1552
1557 452 497
498 452 454
3072 1556 3092
3078 3092 3154
3146 3104 1532
3141 3103 3140
3139 1531 1231
1470 3104 3146
1482 3155 3142
1478 3141 1479
1477 3155 1482
1477 1479 3155
491 3142 119
3147 3144 1484
3001 3156 1493
111 3156 3001
3156 3145 1493
3145 368 1494
1522 3121 1523
3121 3123 3122
3013 3148 3143
1332 3143 1489
1492 1488 113
1492 113 112
1480 1490 3157
3147 3157 1490
3157 3148 1480
3101 3139 1469
3135 1527 1526
1286 1527 3135
128 483 482
481 146 145
145 127 3109
2991 3109 3110
2992 2991 3110
2992 3110 1571
1570 2992 1571
1580 1586 1564
1570 1572 3117
1566 3132 1561
1322 1321 3138
468 3138 3129
468 3129 483
125 127 3158
3159 146 482
507 1538 486
1538 1537 1547
486 1547 487
3097 432 3160
432 1537 3160
1337 1355 1354
496 3161 497
498 497 452
3092 1556 1557
3151 1557 3162
1555 3154 3092
1552 107 496
1552 496 498
3163 1554 1553
3151 1555 3092
1555 1554 3154
107 3161 496
3161 1559 497
1559 3162 1557
1553 1555 3151
174 173 3164
486 1538 1547
3160 1537 3165
1537 1539 3165
3162 1553 3151
485 506 486
1585 1538 507
507 506 3166
3167 3168 457
507 3166 3169
507 3169 456
3153 1585 3170
457 456 3169
3169 3166 3167
3169 3167 457
1585 456 455
3164 3153 3170
3153 1538 1585
3170 1585 455
1539 1538 3153
173 3153 3164
1539 173 172
1539 3171 3165
509 144 512
510 1586 1580
1565 3172 3173
1586 511 1587
1564 1587 3172
1564 3172 1565
1563 1565 3130
3174 3175 1594
3173 3174 1565
3173 3175 3174
3131 1594 1591
1593 1594 3176
3175 3176 1594
3130 1565 3174
3131 3174 1594
3117 1572 1590
3131 3130 3174
1593 1592 1591
3131 1591 1590
1572 1571 1580
1572 1563 3130
1580 1564 1563
1580 1563 1572
1572 3130 1590
3117 1590 1588
3171 172 1434
512 144 143
508 144 509
1586 509 511
1539 172 3171
482 484 3159
146 3159 3158
146 3158 127
3109 127 126
3109 3112 3110
3109 126 3112
3110 3112 508
509 1586 510
508 510 1571
1595 1584 3177
1584 1595 1578
1584 1578 3178
1642 1596 1601
3179 1599 1603
517 377 1642
517 1642 1600
521 376 378
3180 3181 1647
1596 1602 1601
3182 1608 516
1642 1601 1600
517 1600 516
1610 376 521
514 378 516
527 526 1598
1602 1598 1603
1599 1601 1603
3183 1603 1598
526 1589 1597
1598 1597 3183
3182 1600 1599
3182 1599 3184
516 1600 3182
1608 3182 3185
1603 3183 3179
1599 3179 3184
3182 3184 3185
1608 1613 522
79 78 3186
3187 3188 3189
1612 3186 78
1608 3185 1613
1612 78 515
1611 515 522
520 1610 521
513 521 514
1609 3187 3189
3190 3191 598
80 1609 520
168 3191 540
3186 3192 79
79 3192 3187
79 1609 80
3192 3188 3187
597 1609 3189
166 540 3193
166 3193 1615
3188 3190 3189
3191 168 598
3190 598 3189
3193 1623 1615
166 1614 167
598 597 3189
1314 1316 613
596 167 115
115 1614 12
114 1630 115
1614 115 167
79 3187 1609
520 597 533
1640 1610 532
596 533 597
167 596 597
167 597 168
376 1610 1640
3181 3194 1647
1645 532 531
533 532 1610
595 1645 531
596 531 533
3195 1645 1633
1633 595 1630
115 1630 595
115 595 596
3196 1645 3197
1505 3198 1632
3197 3199 3196
1645 3196 532
3200 3197 3195
3201 3195 1633
3200 3199 3197
3195 3197 1645
1651 3195 3201
3200 3195 1651
1649 1632 3198
1604 1644 1646
614 3181 1640
1315 3202 1316
1646 1644 1647
3196 3199 1314
613 1316 614
376 1640 3181
376 3180 377
614 1316 3194
614 3194 3181
3196 1314 613
3196 613 532
1575 528 527
527 1598 1602
371 528 1575
1596 527 1602
376 3181 3180
1641 1607 1642
1583 1593 3203
3203 3177 1583
370 3178 371
528 371 3178
528 3178 1578
1583 1592 1593
3203 1593 3176
370 1592 1583
1584 1583 3177
1584 3178 370
1592 370 372
1574 371 1575
1639 1596 1607
1567 1639 1607
1642 1607 1596
377 3180 1641
1607 1641 1568
1606 1569 1568
1606 1568 1643
1644 1604 1643
1641 1643 1568
1573 1575 1639
1573 1567 529
1569 530 529
1573 529 135
1573 1639 1567
529 1567 1569
1590 1582 1588
3117 3132 1566
2959 1561 3132
2959 3132 1581
372 1574 1581
1588 1581 3132
3115 1312 1515
530 1515 136
1515 530 608
3115 608 1577
1569 1606 609
1569 609 530
609 1606 1605
1606 1643 1604
3194 1316 3202
3180 1647 1644
3180 1644 1641
1648 1647 3194
3202 1648 3194
1651 1650 3204
3205 3134 3199
3201 1649 1651
3200 1651 3204
1649 3206 1650
3134 1314 3199
3205 3199 3200
3204 3205 3200
10 12 1615
1615 12 1614
3207 1617 1624
3208 1618 11
3209 3208 11
12 11 114
552 555 1627
1622 1627 617
557 1681 1654
1627 1653 1628
603 3210 581
1680 583 1683
607 1658 3211
1656 602 604
3212 1660 1803
1667 584 3213
1681 138 137
1653 3214 1628
3210 1629 581
138 3215 139
584 1667 1803
3212 605 3216
1859 1809 546
545 123 1662
3217 1858 1698
3217 3218 3219
3220 1798 1700
1698 3221 3218
3222 1700 1798
3222 1798 1810
1800 569 3223
1799 571 1668
1801 568 1799
1802 1799 1668
1663 1662 122
586 3224 1814
1859 546 1693
3225 1661 1662
1695 1858 1859
1693 546 1661
553 156 155
154 3213 584
1664 3226 3227
156 554 547
3225 1662 3228
3226 122 548
3229 1699 1694
3220 1797 1798
560 559 1702
1797 626 627
626 559 567
626 567 569
1706 1697 1704
567 1703 568
1668 571 570
576 570 1709
1698 1858 1699
3229 3230 1699
3231 1701 1702
1694 1699 1858
3230 3229 3232
1699 3220 1700
3233 3227 3234
3227 554 553
3235 1859 589
589 1692 590
1694 1858 1695
3236 3235 591
3216 3211 1656
3216 1656 1655
3226 554 3227
1620 553 155
122 3226 1664
1663 3237 3238
1659 3210 602
3211 602 1656
605 3211 3216
3212 3216 3239
1660 584 1803
3212 1803 605
3209 11 131
131 10 132
3240 3208 3209
3208 3207 1624
1680 581 583
1683 583 1681
3207 3208 3240
3207 1616 1617
1622 550 552
1622 552 1627
602 3210 603
604 603 1685
11 10 131
3209 131 133
1616 3207 3240
3241 3240 3209
1679 550 1616
1679 1616 3242
1681 557 1677
3241 3209 133
3233 1664 3227
3234 3227 553
1683 3243 1682
604 1685 1657
3212 1670 1660
3239 3216 1655
555 552 3244
3244 552 551
556 555 3244
3242 3240 3241
1616 3240 3242
1678 557 556
10 1623 132
3243 1677 1678
1683 1677 3243
1682 1684 1680
585 1660 1669
1621 585 1669
1670 3212 3239
155 585 1621
553 1620 3234
3228 3245 3225
1692 3246 590
3237 1664 3233
1663 1664 3237
1663 3238 3228
3225 3245 3246
3225 3246 1692
1694 3247 3229
3231 3248 1701
1706 1705 572
3220 1699 3230
3232 3229 3247
1797 3231 1702
626 1797 1702
626 1702 559
3238 3245 3228
1663 3228 1662
1695 1859 3235
1695 3235 3236
1695 3236 1696
1694 1696 3247
1661 3225 1692
589 591 3235
1693 1692 589
1693 589 1859
1797 3220 3231
3248 3230 3232
3230 3248 3231
3230 3231 3220
571 1703 1706
1704 1697 558
1703 1697 1706
571 1706 572
1709 3249 1673
576 1673 577
245 1796 3250
3251 579 580
1752 3251 1755
3252 3251 3253
3254 885 884
1753 1791 593
1794 1795 920
921 241 1711
1754 3254 884
916 1757 3255
3255 1758 3256
1757 1758 3255
917 3257 919
572 1708 1709
572 1709 570
3249 1707 1673
1755 3252 573
1753 3258 1754
1708 3249 1709
3251 580 3253
3259 3258 592
592 3258 1753
1707 244 246
3252 3253 3259
3252 3259 592
3254 1710 885
1744 3256 1758
3257 917 3255
1747 1749 1778
3256 3257 3255
242 905 922
1747 921 1748
3260 3261 3262
3263 3264 1739
3265 3261 3260
3265 3263 1738
3264 1741 1739
3264 3266 1741
3267 907 1768
3266 3268 1741
3269 1743 3268
247 3270 3271
3270 247 1743
3266 3269 3268
1759 1740 1742
3269 3270 1743
3268 1743 908
1741 3268 3267
1734 936 3272
3262 1713 3260
3263 1739 1738
3261 3273 1737
3268 908 3267
1741 3267 1742
1749 1776 1778
1776 3274 1777
562 1712 1714
3275 1774 930
3276 1712 562
3276 3277 3274
1713 3262 1714
563 3275 930
3265 1738 3261
3273 1715 1716
1739 1742 1740
1738 3273 3261
907 1769 1768
3267 1768 1742
3267 908 907
1770 1734 3272
3262 3261 1737
3262 1767 1714
1738 1740 3273
1737 3273 1716
3262 1737 1767
1714 563 562
1769 1762 1759
1740 1715 3273
1742 1768 1759
1715 1759 928
1795 241 920
920 1747 3278
923 3278 924
1777 3274 3277
1714 1767 563
562 564 3277
920 921 1747
3278 923 1772
924 1778 1777
564 563 930
3276 562 3277
1777 3279 924
3280 916 3281
917 916 3255
3281 904 1788
906 905 242
1788 904 906
1793 906 1795
561 565 245
246 245 1674
3251 3252 1755
3251 1752 579
593 574 573
592 573 3252
3282 579 1752
1750 1755 575
3283 574 593
1753 593 592
3283 593 1791
886 1791 884
886 3284 3285
1746 915 914
918 915 1746
1745 1758 1757
918 3286 3284
1746 1745 3287
565 579 3282
3288 3282 1751
1791 3285 3283
886 3285 1791
1821 1668 594
3289 578 1790
3282 3288 1796
245 3250 1674
3290 3250 1796
3282 1796 565
3289 594 578
1675 578 577
3282 1752 1751
1676 1674 3250
1752 1755 1750
886 918 3284
3291 3283 3285
918 1746 3286
3292 3285 3284
3286 1746 3287
3292 3284 3293
3287 1745 1756
3284 3286 3293
1787 3281 1788
1793 1789 1788
1793 1788 906
1757 3280 1756
3294 3293 3286
1757 916 3280
3295 3294 3287
916 904 3281
3280 3281 3296
242 241 1795
1793 1795 1794
1747 1778 3278
3279 3277 564
1777 3277 3279
3279 564 929
1778 924 3278
920 3278 83
925 924 3279
925 3279 929
563 1767 3275
3275 1736 1861
1861 1862 3275
1736 3275 1767
1762 926 928
1762 928 1759
1789 1793 1792
83 1794 920
1792 1794 82
1772 83 3278
912 1772 923
912 923 925
82 1794 83
81 83 1772
3297 929 1773
1774 3275 1862
1773 929 1774
1775 1774 1862
1863 1862 1861
1878 3298 3299
1863 1861 3300
3301 1879 3299
1775 1862 1850
3302 1863 3300
3300 927 3301
935 926 1762
1763 1782 1764
1762 1764 935
1860 1775 1851
3302 1850 1863
1861 927 3300
3303 3301 3299
927 926 3301
3300 3301 3303
1773 3304 3297
1779 910 912
925 3297 1779
3304 1773 1860
911 81 1772
3304 1780 3297
925 1779 912
925 929 3297
1779 3297 1780
574 3283 3305
3287 3294 3286
3285 3292 3291
3306 3288 1751
1756 3307 3295
3306 3308 3288
3309 1822 1750
3283 3291 3305
3310 3309 575
1698 1700 3221
3288 3308 3290
1822 3306 1751
569 568 3223
3289 1821 594
1676 3311 1786
1675 1786 1790
575 3309 1750
1756 3295 3287
3296 3281 1787
3308 3311 3290
3288 3290 1796
574 3305 3310
574 3310 575
3280 3296 3307
3280 3307 1756
1798 627 1810
568 1801 3223
3290 3311 1676
3290 1676 3250
3312 544 1809
546 1809 544
1858 3217 1807
1859 1807 1809
1807 3217 3219
3221 1700 3222
3217 1698 3218
122 1662 123
124 123 1814
1661 546 545
123 545 1814
1814 545 587
3313 544 3312
1833 1831 1832
156 3213 154
3213 156 547
3213 1831 1825
122 124 548
3226 548 554
3314 1671 1658
3211 1658 602
1826 3314 607
605 607 3211
149 148 1666
1667 606 605
1617 1622 617
1619 617 616
1654 137 1653
1654 1653 1627
3210 1659 1629
582 3215 138
3208 1624 1618
114 1618 599
1827 3215 582
1672 1827 1629
1659 1672 1629
1658 1671 1659
607 3314 1658
1666 148 1826
606 1826 607
1844 149 1665
1667 1666 606
3315 1626 616
140 142 599
3214 3316 615
1628 615 617
1653 1652 3214
1628 3214 615
1619 616 600
1619 600 1618
151 1634 3317
616 1626 600
615 3316 3315
615 3315 616
3318 150 1828
149 1666 1665
1825 1667 3213
1665 1843 1844
149 1828 150
1835 1843 1833
1806 1832 1813
1848 1813 1832
549 1831 547
622 1811 1848
549 1848 1832
1843 1665 1825
1843 1831 1833
3213 547 1831
1825 1831 1843
623 1846 622
124 622 549
544 3313 587
544 587 545
1808 3312 1809
3219 1808 1807
1815 1846 623
1814 623 124
1845 3319 3320
3224 1815 1814
3313 588 587
149 1844 1828
3321 950 1830
1833 1805 1835
1829 1839 3321
1839 1840 3321
1839 1829 1834
1844 1835 1829
1844 1829 1828
621 1837 1823
1835 1834 1829
1830 1829 3321
3322 3323 3324
1840 950 3321
949 3325 950
949 3326 3327
3317 1634 3328
3316 3328 3315
3325 1830 950
3318 1828 1830
3318 1830 3325
3315 3328 1634
3315 1634 1626
3323 152 1636
1634 151 1625
1636 151 3317
3201 1633 1632
142 1631 599
1638 140 1625
1626 140 600
141 140 1638
153 1625 151
1649 3201 1632
3198 1505 1506
142 147 1505
142 1505 1631
610 612 1635
1637 1638 153
1635 141 1638
153 1638 1625
610 1635 3329
601 1637 153
3330 1506 611
3116 392 3114
1506 612 611
3330 3206 3198
1649 3198 3206
3198 1506 3330
3137 3114 3113
2989 3113 394
393 1511 394
392 394 3113
3331 1509 3116
393 3332 2975
601 152 3322
3332 393 1509
1637 3329 1635
3331 3332 1509
3329 1637 3333
152 3323 3322
3333 1637 601
3333 601 3322
3334 1842 1840
3326 949 948
1840 948 950
3334 1840 1836
1842 3326 948
3335 3334 1836
1824 1838 1818
3335 1836 1838
3335 1838 1824
620 1816 1818
621 1818 1838
620 1818 621
619 1805 1804
1849 1812 3320
1820 1815 3224
1836 1839 1837
1838 1837 621
3336 620 619
1823 1837 1834
1847 1806 1813
1805 619 1823
1805 1823 1835
3336 619 1804
3336 1804 3337
1819 3319 1845
3337 1804 1847
3337 1847 1849
1811 1845 1812
1813 1812 1847
622 1846 1811
1848 1811 1813
3338 1819 1820
1815 1819 1846
3319 1819 3338
625 1820 3224
3339 1820 625
624 586 3340
1846 1819 1845
1812 1845 3320
3339 3338 1820
3341 3339 625
3341 625 624
3341 624 3342
586 588 3340
1814 587 586
3224 586 625
1851 1850 3343
3302 3303 3344
3302 3300 3303
3302 3343 1850
3301 926 934
1785 935 1783
1857 3345 1783
935 1785 934
3298 3303 3299
934 2966 1879
934 1879 3301
2966 934 1785
2966 1785 3346
1878 3299 1879
3346 1785 1784
3345 1784 1783
3347 1784 3348
1857 1783 1855
624 3340 3349
624 3349 3342
3303 3298 3344
3302 3344 3343
1877 2966 3350
3346 1784 3347
1784 3345 3348
3350 2966 3346
3350 3346 3347
3348 3345 3351
1876 1856 1874
1887 673 667
1885 1891 1881
1906 1905 675
1905 668 675
1906 675 672
3352 3353 3354
3355 1881 3356
1882 1881 1891
1887 667 1885
1887 1885 3355
1895 1906 672
1894 672 674
1880 1882 3357
1889 1880 3358
1889 1881 1880
3358 1880 3357
3359 1888 1890
3356 1881 1889
1890 1889 3358
3360 1995 1888
3360 3359 1994
3360 1888 3359
3361 3360 1993
1993 3360 1994
835 3355 1995
3355 1885 1881
1892 833 268
269 1886 1995
158 1893 159
834 159 674
1888 1995 3356
1888 3356 1889
835 1887 3355
1995 3355 3356
674 1887 835
833 835 1886
3353 1906 1895
1893 158 1899
3362 1894 183
1902 1903 3363
1997 1899 158
3364 3365 3366
674 159 1893
1894 1893 1898
1893 1899 1898
3367 3368 181
1899 1996 637
3369 2002 1903
1898 637 639
1898 639 1902
3368 3367 3363
3370 3363 1999
1894 1898 183
1894 3362 1895
183 1898 1902
183 3367 181
1902 3363 3367
1902 3367 183
182 3362 183
3371 3354 182
1909 3372 3371
3353 1904 1906
1909 3371 182
1907 182 181
3373 3352 3354
3352 1904 3353
3354 3353 3362
3353 1895 3362
3354 3362 182
3371 3373 3354
3371 3372 3373
1908 3374 1909
3374 3372 1909
1907 1909 182
1908 3375 3374
1900 3375 1908
1900 1908 1907
649 648 656
645 644 651
648 647 661
1900 3376 3375
3376 1900 661
3376 661 647
1913 656 1911
1935 3377 1911
1935 1934 3378
3379 1935 1917
1934 1943 3380
3377 1935 3379
2476 650 3381
2476 3381 2470
3377 1913 1911
3382 3379 1917
3383 1924 1919
3384 2463 652
3385 3386 2463
2259 1916 1929
1930 1916 2261
3387 2477 3386
3388 1924 3383
1922 3389 1931
2259 1929 3390
3389 1929 1931
2261 1916 197
1924 1923 1919
1917 1919 3382
3389 1922 1924
1919 1923 3382
3389 1924 3388
3383 1919 1918
1917 1935 3378
3380 1936 1925
3391 3383 1918
3378 1918 1917
3389 3388 3390
1926 3383 3391
1926 1927 3388
3389 3390 1929
2259 660 1916
1929 1916 1930
1927 3390 3388
1926 3388 3383
1932 660 2259
1927 2259 3390
1927 726 1932
660 1933 198
1921 1920 1944
3380 3391 3378
1918 3378 3391
1926 3391 1925
1954 1944 1937
1925 1944 1920
1936 1912 199
1942 199 1987
1925 3391 3380
1936 1943 1912
1936 1942 1937
1925 1937 1944
648 662 655
666 655 1943
1936 3380 1943
1912 1943 655
1911 666 1934
3378 1934 3380
1901 181 1910
200 3370 201
1910 662 1901
181 1901 1907
200 1912 1910
3368 1910 181
3363 1903 1999
3392 1941 1915
3368 3363 3370
3368 3370 200
1910 3368 200
1912 200 199
199 201 1987
1947 162 161
1942 1987 1947
1942 1948 1937
1989 682 1981
1981 682 1982
683 682 1989
1973 1945 31
1938 161 160
3393 3394 684
1981 1968 1989
683 1986 1940
1973 30 1968
1989 1986 683
1950 1940 1986
1950 1952 1951
1948 161 3395
1953 1938 1940
1954 1937 1948
161 1948 1947
1938 1953 3395
1938 3395 161
3395 1953 1954
3395 1954 1948
1944 1954 1928
2130 3396 2133
2213 1928 1958
1949 1928 1954
1928 1949 1958
1928 2213 727
2212 2213 3397
3397 2213 736
2133 3396 736
1958 736 2213
1956 3398 735
734 736 1958
2127 1963 1962
3398 1964 735
2130 3399 2131
1964 2133 735
659 1956 1952
1969 1952 1986
1955 3398 659
1952 1956 1951
1956 735 734
1951 734 1949
1972 658 657
1972 657 32
3398 1956 659
29 659 658
659 29 1955
3398 1962 1964
1955 28 1962
1955 1962 3398
28 27 2119
2127 2119 2120
2014 2116 2108
3400 2115 2098
2108 2115 3400
2118 2152 2140
1957 2118 2112
27 751 2119
2110 2116 3401
2013 1976 1975
3401 2116 2014
1971 658 1972
3400 2118 2108
2115 2108 2116
1991 2009 1983
1970 2111 1971
2111 2013 2109
2106 3402 721
1970 2010 2111
3401 2111 2110
2009 1970 1983
32 1970 1972
1952 1969 30
657 30 32
3401 2014 1971
3401 1971 2111
1991 1946 1985
1988 1968 1981
1988 1973 1968
1989 1968 1969
1946 1991 1983
31 1983 32
3403 3404 2012
2008 2012 2010
2008 2010 2009
2008 2009 1991
2111 2010 2013
2109 2013 1975
3403 2012 2008
2012 3404 1976
2012 1976 2013
1984 1946 1945
2008 1990 3403
3404 3405 1976
3406 1988 1980
1984 1945 3406
3407 3394 3393
682 3408 1982
3408 682 684
1897 1896 3409
3406 1945 1988
1980 1988 1981
3408 684 3394
1939 160 3393
3409 1896 3410
160 1897 3393
1939 3393 684
3411 1915 1914
201 1915 1987
3412 3410 3392
3392 1896 1941
1987 1915 1941
1947 1941 162
3370 1999 1914
3370 1914 201
3412 3392 3411
1998 3411 1914
3410 1896 3392
3411 3392 1915
2002 1999 1903
3393 1897 3407
3409 3407 1897
158 157 3364
3365 678 677
2001 1998 2002
3369 1903 639
1997 158 3364
678 157 834
2003 3369 3413
3414 638 1996
2003 2002 3369
638 3369 639
1995 3360 3361
3415 1993 1992
269 1995 3361
3415 3361 1993
268 1886 269
3416 269 3361
676 1892 3417
1892 268 3418
834 833 1892
676 3417 677
3361 3415 3416
269 3416 267
268 267 3418
3364 678 3365
157 678 3364
1997 3364 3366
3412 3411 3419
2002 1998 1999
3413 3369 638
3419 1998 2001
3411 1998 3419
1892 3418 3417
1997 3366 2000
1996 2000 3414
3414 3413 638
170 2109 1975
2011 1974 3420
2107 2106 3421
2004 2005 3422
2006 3423 2007
3424 2107 3421
720 2110 169
3425 2004 3422
3422 2005 3423
3426 2004 3425
2006 3422 3423
3405 1974 1976
170 1975 1974
3420 1974 3405
3424 3421 2011
3424 2011 3420
717 716 2106
169 2110 2109
3421 721 171
3421 171 2011
169 2109 170
171 170 2011
720 721 3402
2106 721 3421
1979 2151 3426
3426 3402 716
2117 2110 720
721 169 171
2151 3402 3426
716 3402 2106
1977 679 681
2006 2100 3422
1977 2100 692
2100 1979 3425
2004 3426 716
2004 716 718
1979 3426 3425
2100 3425 3422
685 679 691
2006 692 2100
2027 680 685
686 691 2007
686 685 691
2006 691 692
681 680 695
681 695 2023
685 680 679
692 679 1977
695 694 2023
708 3427 2096
3428 2030 2029
2028 2062 2017
3429 2015 2062
2062 2061 2063
175 3430 2061
2030 2062 2028
3431 3428 2029
2019 2028 2017
2026 2103 3432
3428 2060 2030
2019 2029 2028
2017 2062 2015
2103 2060 3432
3432 3428 3433
3434 2029 2019
2018 2017 2016
3432 2060 3428
3435 2019 2018
2020 693 3436
3437 693 2027
687 2027 685
3437 3436 693
2027 693 695
2027 687 3437
2018 3438 3435
3438 2018 2020
3438 2020 3436
2019 3435 3434
2029 3434 3431
3428 3431 3433
3432 3433 2024
3432 2024 2026
2033 3439 2021
2025 2032 2031
176 2055 177
2033 2021 2022
2032 2022 2031
176 2103 2026
2031 2026 2025
3440 1689 1691
2034 1691 2037
2057 2058 3441
3442 2034 3443
3442 1691 2034
3439 688 2021
3439 3443 688
3440 1691 3442
2058 1689 3440
3444 2057 3445
3446 2036 3441
2046 2045 3447
2040 2044 2046
3448 2038 3449
3450 2039 2038
3450 2038 3448
2048 1687 1686
2045 1686 3447
1687 3446 1688
1686 1688 3447
3445 2057 2036
1687 2036 3446
3444 1689 2057
2036 2057 3441
2040 2039 2044
2045 2041 2049
3445 2036 2035
2049 2048 1686
3451 3450 3452
3452 3450 3448
2039 3450 3451
2044 2039 2042
3453 3451 3452
2071 3451 3453
3453 3454 2071
2041 2045 2044
2072 2051 2073
2071 2042 3451
2071 2073 2042
3451 2042 2039
2044 2042 2041
2049 2041 2065
2050 2065 2043
2073 2043 2042
1690 3444 2059
2047 2049 2065
2059 3455 541
2064 2047 2065
2059 697 1690
689 696 690
3455 3444 3445
2035 1687 2048
3455 3445 2035
3455 2035 2047
1689 3444 1690
2037 1690 697
3443 2034 688
2021 688 690
699 177 2055
2022 2055 2031
2031 2055 176
2103 175 2061
696 177 699
690 699 2021
2037 697 689
2037 689 2034
2103 176 175
3430 175 3456
689 697 696
177 696 3456
697 543 698
696 3457 3456
175 177 3456
3430 3456 184
696 698 3457
3456 3457 185
3457 698 188
3457 187 185
2068 2089 2066
2080 2079 2078
2090 2056 542
2090 541 2089
2159 2056 2090
2068 2090 2089
541 543 2059
3455 2059 3444
3455 2047 541
2089 2050 2066
2090 542 541
2064 541 2047
2070 2069 2051
2073 2051 2043
2089 2064 2050
2077 2052 2054
2050 2051 2069
2050 2077 2066
2070 2051 2072
3454 2072 2071
2072 3454 3458
3459 2052 2070
3458 2070 2072
2070 3458 3459
2079 3460 2076
3459 2053 2052
2053 3461 2054
2050 2069 2077
2066 2080 2084
2066 2077 2080
2084 2080 2078
2054 3461 2079
2054 2079 2080
2082 2087 2067
2084 2067 2066
3462 2168 2175
2076 2085 2078
3461 3460 2079
3460 2074 2076
3463 3464 2075
3463 2075 2074
3463 3465 3464
2075 2168 2085
3462 2083 2168
3464 2168 2075
3464 3465 2173
3464 2173 2168
3462 2081 2083
2085 2083 2067
712 2086 2082
2083 2082 2067
2169 2159 701
2086 701 2087
3466 2088 2169
2169 2088 2159
3467 3468 2165
187 3457 188
2091 2088 3466
3466 2169 700
210 209 189
210 189 2056
2087 701 2159
2087 2159 2090
3467 2167 3468
209 3468 189
3469 185 187
3468 187 189
3470 2179 3471
2166 3469 187
2177 3469 2166
2167 187 3468
3472 2166 2167
3472 2167 3467
2093 3471 2094
3470 2177 2179
3473 3472 3474
2165 3468 209
3475 707 2094
3470 3469 2177
3475 2094 3476
2179 2177 2178
714 709 708
704 709 179
2162 3477 3478
710 709 704
705 179 178
707 2092 2094
3427 3477 2096
3479 2145 3480
2095 2096 2143
2143 2096 3477
3481 3427 708
714 2104 180
186 2093 2105
2092 707 178
2105 2093 2092
180 2092 178
186 3469 3470
2093 3470 3471
2092 180 2105
3429 2023 2015
180 2104 2105
2093 186 3470
185 3469 186
185 184 3456
713 3429 2062
2061 2062 2030
184 2104 2063
3430 2063 2061
2063 3430 184
2105 184 186
681 2023 2102
713 2063 2104
2023 3429 2102
2101 2095 3479
715 3429 713
713 2104 714
2102 3429 715
2096 714 708
2102 715 2095
2102 2095 2101
2096 715 714
709 714 179
2095 2143 3479
3482 1965 1978
2149 3483 3480
3479 3480 3482
3482 1978 1977
2101 1977 681
2101 3479 3482
2101 3482 1977
1967 2150 1965
3480 1965 3482
2150 720 2151
1978 2151 1979
2150 2117 720
2151 720 3402
1967 2117 2150
1965 2150 1978
2116 2117 2113
1966 3480 3484
2123 2113 1966
1967 2113 2117
1965 3480 1966
2113 2123 2122
2116 2113 2114
2115 3485 2098
2121 2123 3486
2158 3484 2124
3483 2156 3484
3483 3484 3480
2149 3480 2145
2143 2145 3479
2157 2149 2163
2148 2145 2144
3477 2162 2144
3477 2144 2143
2124 3486 2158
3484 2158 1966
3483 2149 2157
2163 2148 2176
2126 3487 3486
2158 3486 2123
2114 3488 3485
2114 3485 2115
2114 2122 3488
2099 2098 3485
3488 2122 2141
3487 2121 3486
2269 198 1933
1932 1933 660
1960 2263 2226
2212 725 727
1932 726 725
2226 2184 1961
2211 2224 3397
3396 3397 736
2225 725 2263
2224 2212 3397
2188 2186 2211
3396 2211 3397
725 2212 2263
2225 2263 2264
2224 2184 2226
2263 1960 2264
2269 1933 3489
2225 3489 1933
2262 2266 2270
2262 2270 2264
3489 2225 2264
3489 2264 2270
3490 2266 2262
2253 2262 2264
2254 2253 2257
1961 1960 2226
2253 1960 2257
3491 3492 2228
1960 1959 2257
2254 2277 2276
2254 2257 2277
3493 737 3494
3495 2228 3492
1959 2255 2257
2218 2135 2134
1961 2135 1959
2189 2135 3492
2138 2218 2139
3496 3497 3498
3499 3498 2135
3500 2217 2185
2186 2185 2184
3499 2135 2218
2185 2134 2184
2138 3499 2218
2217 2134 2185
3501 3500 2181
2188 2182 2186
2139 2218 2217
2139 3500 3501
3496 3499 2138
2137 2139 3501
3502 3503 3496
3499 3496 3498
3496 3503 3497
3492 3491 2189
2183 2182 2188
3496 2138 3502
2137 3502 2138
3504 3505 1963
3500 2182 2181
2185 2182 3500
2217 3500 2139
751 2140 752
3400 2097 2152
1963 3505 1964
2211 3396 2132
3399 2130 3505
2132 2131 2187
2188 2187 2183
3504 3399 3505
1964 3505 2133
2133 3505 2130
3396 2130 2132
2136 3504 1963
2112 2140 751
2119 751 753
2118 3400 2152
2140 2152 2154
3484 2156 2124
3486 2124 2126
3485 3488 3506
3506 2141 3507
3400 2098 2097
2152 2097 2153
3488 2141 3506
3485 3506 2099
2097 3508 2153
710 2146 3481
3427 3478 3477
3509 2164 2163
2148 2163 2149
2162 2161 2176
2162 2176 2144
3481 708 710
2147 710 704
3478 3427 3481
3478 3510 2160
2156 3483 2157
3474 3467 3511
208 210 2091
2094 3471 3476
2178 2166 3472
3471 3512 3476
3513 208 2171
3513 2165 208
2171 208 2091
2172 2081 3514
2175 2168 2173
711 3515 702
712 702 2086
2173 3465 3516
3517 3462 2175
3517 2175 2174
2173 3516 2174
2170 2091 3466
3518 700 3515
3518 3466 700
3515 700 702
3514 2081 3462
2179 3512 3471
2178 3472 3473
3472 3467 3474
2170 3466 3518
2174 3516 3519
3467 2165 3511
2172 711 712
3517 3514 3462
2179 2180 3512
2178 3473 2180
2165 3513 3511
2162 3478 2160
3478 3481 3510
707 3475 706
3509 2163 2176
2161 3509 2176
3510 3481 2146
3520 3508 2099
2121 3487 2142
2141 2142 3507
2157 2164 2155
2099 3508 2097
3506 3507 3520
3506 3520 2099
2156 2155 2125
2156 2125 2124
2231 2228 3495
3521 3492 3498
3522 2214 2192
2231 3495 2229
2216 2215 2230
2231 2215 2228
3523 2223 2222
2194 2129 767
2198 2129 2196
3524 2223 3525
2223 3523 3526
2230 2215 2231
3527 2229 3528
2192 3523 3522
2194 2222 2221
3529 2221 3524
3530 3495 3521
3497 3521 3498
3531 2216 2230
3530 3521 3497
2192 2214 2216
2192 2216 2193
2229 3495 3530
3532 3530 3497
2191 3526 3523
3527 2230 2229
3528 2229 3530
3497 3503 3532
3530 3532 3528
3531 2230 3527
2193 2216 3531
2221 2223 3524
3525 2223 3526
3533 3524 3525
3523 2192 2191
2196 3529 3534
3534 3533 3535
3534 3524 3533
2198 2197 2219
724 191 190
3536 3537 3538
3539 2197 3535
2219 2197 3539
2201 2200 2219
190 192 3537
190 3537 3536
3536 3538 754
724 190 3540
756 755 2207
3538 3541 754
3536 756 3540
754 3541 755
2190 191 724
722 756 750
756 722 3540
3536 3540 190
2207 750 756
754 756 3536
3529 3524 3534
2197 3534 3535
2200 2220 2219
2201 2219 3539
191 2190 2200
191 2200 719
3534 2197 2196
3529 2196 2129
2200 2190 2220
2198 2220 2128
724 3540 722
3542 2244 2249
723 722 3542
3543 3544 2204
3542 749 3545
3543 2199 3546
2199 2206 3546
749 2199 3545
3544 3547 3548
3543 3546 3547
3543 3547 3544
3545 3543 2204
2205 3544 3549
3549 2235 2205
3548 3549 3544
2204 775 2244
2249 2244 2248
2202 2248 3550
776 2208 2237
3550 774 776
3551 776 2250
722 749 3542
723 3542 2249
2199 3543 3545
3542 3545 2244
3544 2205 2204
3545 2204 2244
3522 2195 2258
2265 3491 2228
3529 2129 2194
3529 2194 2221
723 2249 2232
2220 2232 2128
3521 3495 3492
3498 3492 2135
2222 2195 3522
2214 2227 2215
3523 2222 3522
2214 3522 2258
1959 2189 2255
2255 3491 2265
766 740 2265
2227 2265 2228
766 2265 2227
2258 2227 2214
2195 767 766
2258 766 2227
2203 2233 746
2248 748 2249
2248 746 748
2232 748 2128
3552 741 2241
2233 2241 747
195 3553 2239
2233 2246 2241
2189 3491 2255
2257 2256 2277
767 2241 741
766 741 740
2241 2246 3552
739 3554 740
2255 740 2256
3494 2280 2278
2256 740 3554
2256 3554 737
741 3552 739
3554 739 731
3553 195 194
3552 194 739
3552 2246 3553
3552 3553 194
3553 2246 2247
3555 2247 728
2239 2247 3555
730 729 2203
2251 2203 2202
2246 2233 729
2247 729 728
3556 2251 2202
2248 2202 746
3556 2202 3550
776 3551 3550
774 3550 2248
3557 2250 2236
3558 2236 2237
2237 2234 3558
3551 3556 3550
3558 3557 2236
3557 3558 3559
763 3560 764
2242 2294 3561
3562 3563 2243
758 2243 759
743 3564 3565
3561 3566 2242
3565 3566 3561
763 3567 2300
2300 3567 759
759 2285 3568
3569 3570 2308
765 3567 763
3563 2300 2243
3571 764 3572
3573 763 2300
3563 3573 2300
3573 3560 763
3572 3574 3571
764 2286 765
3560 3572 764
770 3574 2327
768 784 3569
2307 3575 3576
785 784 768
2327 768 770
3570 784 3577
3578 3576 3575
3569 769 768
3571 3579 2286
3580 203 2286
2308 769 3569
3570 3569 784
3580 2286 3579
2285 759 3567
770 769 3579
3571 2286 764
770 3579 3571
770 3571 3574
3581 203 3576
2285 3567 765
203 3568 2285
2286 2285 765
204 3581 3582
3580 3579 769
3578 3581 3576
2308 3580 769
3576 203 3580
3576 3580 2308
3583 3584 2289
3585 3586 3587
3568 203 202
3588 3581 3578
3589 3588 3590
3591 786 788
3583 3592 3584
3588 3582 3581
2288 3568 2289
3593 3592 3583
203 3581 204
202 3594 3583
2287 2289 3584
202 2289 3568
2282 3595 3596
2301 757 2288
2287 2301 2288
3568 2288 759
759 2288 757
758 757 2294
743 3561 744
2295 2294 757
3562 2243 2242
3562 2242 3566
3555 2240 2239
2247 2239 3553
3564 743 2238
3564 2238 2240
3565 3561 743
2238 745 195
732 2245 2283
3595 193 745
744 3595 745
743 745 2238
2295 3595 744
2294 744 3561
3554 733 737
2256 3493 2277
739 2245 731
3554 731 733
2299 742 732
3597 2299 762
2284 2282 3598
2245 193 2283
732 2283 2299
2275 738 742
3494 738 2274
2280 2274 3599
3599 2274 3600
3597 742 2299
3494 2274 2280
2279 2272 2276
2256 737 3493
2277 3493 2278
737 738 3494
3493 3494 2278
3601 2266 3490
2279 2278 2280
3490 2262 2252
2252 2254 2276
2252 2272 3490
2267 3602 2268
2268 196 2269
196 198 2269
2270 2269 3489
3602 196 2268
2266 2268 2270
196 3602 2260
196 2260 197
3601 2267 2266
3601 3490 2271
2252 2276 2272
3490 2272 2271
2276 2278 2279
2272 2279 2273
2280 3599 2281
2279 2281 2273
2274 2275 3600
3603 762 2284
2299 2283 2284
3603 3598 3604
3605 3600 2275
761 3605 3597
2275 742 3597
2275 3597 3605
762 761 3597
3603 760 762
3604 2298 3606
3603 3606 760
3607 2296 3604
3603 3604 3606
3594 202 204
3582 3608 3594
3582 3589 3608
2297 2296 3584
2297 3584 3592
2287 3584 2296
3604 2296 2298
2295 3596 3595
2284 3598 3603
3596 2301 3607
3598 3607 3604
3596 3598 2282
3595 2282 193
3607 2301 2287
3607 2287 2296
3607 3598 3596
2301 3596 2295
3582 3588 3589
3608 3593 3594
202 3583 2289
3593 3583 3594
3582 3594 204
784 783 3577
2306 2309 3609
3577 783 3610
3577 3610 3611
3610 3612 3611
3577 3613 3570
3611 3612 2292
3614 2309 2306
3615 2328 2291
2292 2291 3591
2307 2306 3609
2310 773 2326
3613 3614 2306
3609 2311 3616
3611 2292 3614
2309 3591 788
3591 2309 3614
3570 2306 2308
2292 3591 3614
3613 2306 3570
3611 3614 3613
3611 3613 3577
3588 3578 3617
3618 3587 3586
3617 3578 3575
3619 3620 3587
3576 2308 2307
3575 2307 3620
3617 3621 3590
3617 3619 3621
3575 3619 3617
3588 3617 3590
3621 3619 3618
3622 3586 3585
3620 3616 3587
3619 3587 3618
2307 3609 3620
3575 3620 3619
2326 3623 2311
3609 3616 3620
3609 2309 2311
2326 2313 3624
3623 3625 3585
3622 3625 2304
3624 3625 3623
3616 3585 3587
3626 213 2302
3585 3625 3622
3625 3624 2303
3625 2303 2304
3627 3628 868
3629 2441 2442
2459 790 789
790 3626 791
2445 2421 791
2302 791 3626
3624 2313 795
3624 795 2303
831 796 2312
2290 2314 772
2314 2312 2313
773 2313 2326
832 2312 2314
772 2314 773
3616 2311 3623
3616 3623 3585
3624 3623 2326
773 2310 787
788 787 2310
788 2310 2309
3591 2291 786
205 2354 3630
787 786 800
2452 2406 772
2452 771 3630
205 2325 206
800 3630 771
787 771 773
2353 2406 2452
2354 2452 3630
2455 2406 2353
2352 207 802
2382 2393 2323
3631 3632 2401
2364 2357 829
3633 806 2320
2321 2320 2365
3633 807 806
2320 806 2365
807 2342 808
806 808 2336
3634 2371 2340
808 3635 2336
3636 3637 2323
3638 3639 3640
3638 3640 3637
2355 2363 2368
786 2291 2328
800 2324 3630
3641 2325 2324
2328 2324 800
3630 2324 205
207 2315 802
3612 2293 2292
2291 2293 3615
2328 3615 3641
2328 3641 2324
2354 205 207
2354 207 2352
803 2322 801
2371 2341 2340
3642 2352 2359
3642 3643 2451
2322 3636 2323
2319 3633 2320
2330 2372 3634
2351 3644 781
2210 781 780
2329 2372 2330
2329 2331 2351
781 3644 782
780 782 3645
780 3645 2332
780 2332 2209
2333 3646 2346
2347 2210 2209
2346 2209 2333
2345 2347 2346
3647 2346 3646
2346 3647 3648
2350 2210 814
2345 2346 3648
2344 2347 2345
2343 3649 2369
2345 3648 3650
3634 2372 2371
2341 2366 3635
2373 2372 2329
805 2350 2349
2331 3644 2351
2329 804 2362
2329 2362 2373
2371 2366 2341
2329 2351 804
2362 804 2360
781 2210 805
804 805 2349
813 2350 814
2344 814 2347
2345 3650 2343
2344 2343 2369
2343 3650 3649
2366 2334 3635
2341 3635 808
2337 2339 2366
2373 2366 2371
2376 2338 2337
2373 2337 2366
2378 2377 2360
2362 2361 2373
2377 2361 2360
2349 2360 804
3632 829 2401
2403 2402 2400
3651 2356 2355
2367 2355 2368
2367 2386 3651
2386 3652 3653
3631 2401 2403
3631 2403 3639
3632 2364 829
2389 2356 2380
2321 2367 2358
2353 2352 3642
2399 2382 2384
2383 2382 3637
3638 3637 3636
2403 2400 3640
2403 3640 3639
2302 796 2445
2302 2445 791
831 2312 832
3654 798 797
832 2314 2290
2413 2290 2406
2423 2418 2421
2422 2421 2445
2445 796 831
2410 3655 777
2413 2406 2454
2316 2455 3642
2455 2353 3642
3643 2399 3656
801 2323 2393
2359 3643 3642
2323 3637 2382
2393 2382 2399
2290 2413 798
832 3654 830
799 2413 2416
2318 2455 2316
2305 789 2418
779 778 3657
3658 2423 3659
3660 2423 2422
2453 831 2447
3654 832 798
3661 2419 3662
3663 2446 3664
779 3659 3660
2453 3660 2422
831 830 2447
2453 777 779
2411 830 3654
2411 3654 797
2414 2454 2318
2414 2317 2405
2316 3642 2451
2316 2451 2450
3643 2393 2399
2392 2391 3665
2401 829 828
2402 2397 2400
3666 828 3667
2356 827 2357
2359 2393 3643
2451 3643 2409
3640 2400 2383
3640 2383 3637
2355 2367 3651
2386 2321 2365
2380 3651 3668
2370 2336 2335
2336 3635 2334
2335 2334 2374
2378 2349 2348
3668 2386 3653
3652 3669 3653
2334 2339 2375
2337 2361 2376
2387 2335 2374
2375 2339 2338
3651 2386 3668
3652 3670 3669
2380 3668 2381
3668 3671 2381
2365 2370 3652
2365 3652 2386
2383 2396 2395
3672 2398 2397
3666 2397 2402
3672 2397 3666
828 3666 2402
2385 3673 3667
827 3667 828
2356 3651 2380
2389 2380 2379
3652 2370 3670
2356 2389 2385
827 2385 3667
3668 3653 3671
3670 2370 2387
3666 3667 3674
3671 3653 3669
3674 3667 3673
3673 2385 2388
2396 2398 2394
2395 2394 3675
3674 3672 3666
2414 2405 2415
3656 2407 2409
2450 2408 2404
2317 2414 2318
3656 3665 2407
2395 3675 2390
2392 3665 3656
3659 3657 3676
779 3657 3659
2415 2449 2416
3659 3676 3658
2412 2411 3677
797 799 2448
2423 3660 3659
3658 2446 2418
3655 778 777
2453 779 3660
2412 3655 2410
2447 777 2453
2450 2404 2317
2450 2317 2316
3675 2391 2390
2399 2392 3656
2384 2395 2390
2384 2390 2399
3677 2411 797
3677 797 2448
2449 799 2416
2414 2416 2454
2408 2450 2409
3656 2409 3643
3661 3662 2458
3664 3658 3676
2418 2423 3658
2446 3658 3664
830 2411 2410
2447 2410 777
815 2440 794
794 2458 792
3662 3678 2458
2457 794 2440
3627 868 867
2435 867 2424
3628 2437 868
3679 2433 2432
869 868 3680
868 2437 3680
2467 3681 2464
2467 2464 2428
2432 2434 3682
2433 3683 2434
2443 2438 3683
2434 3683 3684
2456 2438 2443
2446 3663 3662
2446 3662 2419
3682 2434 3685
3683 2438 3686
3663 3678 3662
2434 3684 3685
3680 3687 869
2438 2430 3686
3683 3686 3684
3678 792 2458
3688 3689 3690
2425 2548 2426
3682 3685 3691
3682 3691 3680
2548 3681 2467
869 3687 2431
869 2431 2424
3691 3687 3680
3682 3680 2437
2475 859 865
2557 3692 2462
865 2462 3692
224 223 816
2464 3681 222
2464 222 224
849 848 2503
2474 3693 2473
858 860 854
2501 2481 642
3694 2501 641
2473 2469 2468
820 2469 2473
2473 3693 850
819 2472 856
2469 856 855
2471 859 858
856 858 854
3692 2475 865
2462 817 2557
2477 816 818
817 816 2417
3386 2477 818
2463 818 653
2465 224 2477
3386 818 2463
2464 224 2465
2428 853 2429
3695 3694 849
848 641 640
3694 641 849
3695 3693 2474
849 2503 3693
849 3693 3695
3693 2503 850
820 850 646
2469 820 819
2469 819 856
2497 3696 2505
630 2482 628
3697 848 640
3696 640 2505
2472 819 651
2476 651 650
3381 2478 2470
2476 2471 2472
2478 2461 2460
2470 864 2471
3385 2463 3384
2460 652 654
864 859 2471
2470 2471 2476
865 859 864
654 864 2460
2465 2477 3387
3698 3386 3385
867 2435 2466
165 2429 852
3699 3700 3627
2466 3627 867
3679 2432 2436
2437 2432 3682
2442 2456 2443
2433 2443 3683
2440 815 2456
2442 2444 3701
3661 2458 2457
2457 2439 821
3702 2436 3628
3700 3628 3627
3702 3703 2436
3628 2436 2437
2436 3703 3679
2433 2444 2443
3386 3698 3387
853 852 2429
2465 3387 853
2465 853 2428
2435 2427 164
2466 3699 3627
3704 3701 2444
3679 2444 2433
2440 2456 2441
2456 2442 2441
2440 2439 2457
3661 2457 821
822 2439 3705
2439 822 821
3661 2305 2419
2442 3701 3629
2441 3629 3705
2441 3705 2439
2459 789 2305
821 2305 3661
2466 163 3699
3700 3702 3628
3679 3703 3704
3679 3704 2444
2461 3384 652
3387 3698 851
3387 851 853
2466 164 163
850 2503 636
3697 3696 3706
645 646 643
164 2429 165
2503 848 2504
2497 670 3707
3708 2504 3697
3696 3697 640
634 636 2504
3697 2504 848
3709 3706 3696
3706 3708 3697
3708 634 2504
2550 841 2547
3710 670 671
3711 842 841
842 3712 843
843 3712 2480
671 3713 3710
3714 3715 48
3713 671 2480
3713 2480 3712
3716 2498 2734
671 2500 2480
670 630 629
671 629 2500
2505 630 2497
3707 670 3710
3709 3696 2497
3709 2497 3707
2500 2499 2479
2500 2479 2480
2502 2734 628
2502 2482 2481
2505 642 2482
2505 2482 630
2499 3716 3717
3716 2499 2498
628 2498 629
3718 2549 3719
3720 2546 3717
2547 2551 2550
2551 3719 2549
2499 3717 2546
2551 3720 3719
2546 2551 2547
3715 3714 3711
843 2479 2547
843 2547 841
3720 2551 2546
2499 2546 2479
2485 3721 840
3722 2549 3718
49 2550 2549
3722 3718 3723
3722 3723 214
839 838 3724
3723 3721 214
3715 841 2550
2492 2491 3725
839 3724 2484
3726 3724 838
214 3721 2485
665 2486 2484
837 2484 3724
665 2487 2486
2484 2486 839
215 214 2485
2486 2485 839
2487 665 3727
836 663 837
846 2487 847
663 665 2484
2485 2486 215
214 50 3722
845 48 846
2487 846 215
2549 3722 49
846 50 215
3715 2550 49
50 49 3722
663 836 1884
845 3714 48
846 48 50
49 48 3715
841 3715 3711
3727 665 664
836 633 1883
847 2487 3727
664 663 1884
633 836 631
2496 2494 44
3728 3726 3725
3725 2491 3728
3724 3728 837
3728 3724 3726
3729 2493 2544
2495 2494 632
42 2494 2493
2545 2490 2492
3728 2491 631
3728 631 837
2483 632 2496
1883 633 2483
233 873 2542
2543 2489 3729
3730 2489 873
44 2494 42
844 3729 2489
231 233 235
232 3730 873
3730 2488 2489
2507 2506 3731
2538 234 239
2508 231 235
873 2489 2543
2540 2544 2541
844 42 3729
2539 3732 3733
2490 2545 2544
3729 2540 2543
3729 42 2493
2544 2493 2490
3734 26 2509
3735 2507 3731
2517 3736 2518
2536 3737 2513
3731 2517 3735
2517 24 3735
3738 2535 3739
3734 2530 3737
2536 2513 2515
2531 3740 2530
2509 2530 3734
3741 2509 25
3741 25 2518
2517 3731 3736
2518 3736 261
2516 2538 261
263 3742 3741
2538 239 33
2538 33 261
33 239 238
2508 235 2506
3731 2516 3736
3731 2506 2516
3736 2516 261
2542 2522 234
235 234 2506
234 233 2542
2522 2542 3733
2542 2543 3733
2522 240 239
3729 2544 2540
2543 2540 3733
2522 3732 240
2522 3733 3732
3733 2540 2539
2533 3738 3739
2722 2721 2520
2533 2532 3738
2721 2532 2520
2722 2520 2519
2537 2527 2521
2533 2521 2520
2511 2523 2512
52 2526 2525
2523 23 22
2512 22 52
51 2512 52
53 52 2525
2720 2526 21
3743 3744 3745
52 22 2526
2722 2526 2720
23 2523 3746
3745 3746 2524
2512 2523 22
3743 899 3744
3747 3743 2524
2523 2524 3746
878 2598 2597
898 2704 2702
2703 2702 2599
3743 900 899
3744 899 2703
3747 900 3743
2524 3743 3745
3748 900 3747
3748 3749 894
3747 2524 2511
3747 2511 2510
2704 879 2597
2598 878 2697
879 878 2597
2702 2597 2599
3750 2696 266
2697 2694 2698
2698 2694 2693
2699 2696 3750
2687 265 264
265 3750 266
2691 266 2695
2693 2696 2699
260 2700 2692
2693 2700 2696
259 2700 260
880 2692 2694
3751 876 3752
880 260 2692
3752 3753 3748
879 2701 880
3753 2701 2712
3748 898 900
876 2701 3753
3751 3752 3754
2712 2704 898
2712 3748 3753
2712 898 3748
3749 51 891
3748 3747 2510
3749 2510 51
3748 2510 3749
894 3749 890
2510 2512 51
891 51 2719
51 53 2719
891 2718 892
3749 891 890
894 893 3754
2726 892 2718
2726 2718 3755
901 892 2726
3756 2726 3755
2718 2724 3755
229 228 857
3756 3755 218
3756 217 2735
857 219 2723
2724 218 3755
218 2723 3757
3758 824 2740
3759 3760 3761
219 3758 3757
882 230 229
2528 2527 2537
2723 229 857
219 857 220
3762 3763 2725
3764 230 3765
2519 2521 2527
2528 882 2529
229 2723 2529
2534 2724 2718
2534 2527 2529
2534 2529 2724
2514 2528 2537
3739 2537 2533
3740 2514 2513
2515 2514 3739
229 2529 882
883 2528 2514
2514 2537 3739
2515 3739 2535
883 2514 3740
2530 2513 3737
3742 3740 2531
2530 3740 2513
883 3740 3742
3741 2531 2509
2518 263 3741
3741 3742 2531
881 3742 263
881 230 882
883 882 2528
883 3742 881
3766 236 3767
881 263 262
881 3765 230
881 3766 3765
230 3763 228
3763 230 3764
3768 3767 3769
881 262 3766
3765 3766 3767
3764 3765 3768
3770 3763 3764
261 33 35
262 236 3766
262 35 236
3767 236 3771
237 3771 236
33 238 34
35 34 237
3765 3767 3768
3770 3772 2725
3769 3773 3768
3771 3769 3767
3761 3762 226
227 2725 3772
3774 3775 825
3759 225 3776
3773 3772 3770
3762 228 3763
2725 3763 3770
220 228 3761
226 3762 2725
3768 3773 3770
3768 3770 3764
228 3762 3761
220 3760 221
220 3761 3760
221 3777 824
3761 226 3759
3760 3774 3777
3759 3776 3774
3759 3774 3760
3775 3774 3776
3759 226 225
2591 2661 967
2662 3778 968
2662 968 3779
3780 2661 2591
3781 2590 3782
3781 3780 2591
3783 2662 2661
3783 2661 3780
2614 966 3784
965 967 2660
2593 2575 2655
2661 2660 967
3783 3778 2662
2656 3785 2645
2660 2662 3779
2660 3779 3786
3778 969 968
2655 2575 46
3779 968 2656
3779 2645 2610
3787 3784 3788
2612 3786 2610
2645 2611 2610
3779 2610 3786
3785 2646 2645
2656 2645 3779
2614 2607 966
2657 2611 2646
3789 2612 2611
3789 2611 2657
45 982 3785
965 3786 3790
3791 3790 2612
3789 3791 2612
3791 3788 3790
3790 3784 965
3784 966 965
3786 965 2660
3788 3784 3790
2612 3790 3786
964 3792 2581
3793 2613 3794
3787 2614 3784
3795 2613 2614
3796 2607 2613
3793 3797 2651
2614 3787 3795
2613 3795 3794
3797 3798 2651
3794 3797 3793
3796 2613 3793
3796 3793 2650
3793 2651 2650
2604 3799 2585
3800 3801 942
3798 943 2651
943 3801 2650
3792 3802 2605
1728 2584 1729
3803 1729 2586
2650 3801 1730
2581 962 964
2650 1730 2581
2650 3792 3796
2650 2581 3792
3796 3792 2606
3792 2605 2606
3796 2606 2607
2606 2605 2592
2606 2592 966
2590 2605 3802
964 3802 3792
2589 3802 964
3781 2591 2590
3782 2590 3802
1729 3803 962
1729 962 1730
3803 963 962
3782 3802 2589
2600 2604 40
1728 2604 2584
1729 2584 2586
39 2600 40
41 40 3800
1733 3799 2600
40 2604 1728
3800 40 1728
3801 1728 1730
3804 3805 3806
3807 2596 2620
1732 1731 2603
2601 2603 2596
2603 1731 39
932 39 3808
1727 3806 3805
2601 3804 2602
3799 2604 2600
1731 2600 39
3807 1727 3805
3805 3804 2601
1727 38 3806
1718 1727 3807
2596 3805 2601
3809 3810 1723
1725 1717 3810
1718 1717 36
1727 36 38
3271 3809 1723
249 248 1721
3809 1725 3810
1723 3810 248
37 36 1717
3810 1717 1719
1722 1719 1718
1724 1718 3807
2621 1724 2620
2596 3807 3805
957 1724 2621
3811 931 1735
2596 932 2620
3807 2620 1724
3271 1723 247
1743 247 249
1722 1721 248
1719 248 3810
248 1719 1722
1720 1722 957
908 249 909
907 909 1770
1721 937 1734
909 1734 1770
1734 937 936
3272 1766 1771
1722 1724 957
1720 957 959
957 2621 958
958 2621 3811
3808 39 41
3812 1726 251
3812 251 250
3813 3812 250
2620 932 931
2621 931 3811
3808 251 933
931 933 1735
933 932 3808
251 3808 41
3814 250 3800
3800 250 41
3814 3800 942
3801 3800 1728
3815 3814 942
943 942 3801
3813 250 3814
3813 3814 3815
944 3815 942
943 3798 944
1870 2634 2629
3816 1871 2630
3817 3816 2630
3818 1868 939
3819 1870 1869
3820 1871 3816
3819 3821 1870
1871 1870 2630
3818 2631 1868
1867 1866 1853
2630 2622 2624
2623 2631 2624
2630 2624 3817
940 3822 3823
2624 2631 3824
2631 3818 3824
2624 3824 3817
1765 3825 1766
1766 3826 1771
3272 936 1766
3826 1766 3825
3826 3825 3827
941 3823 1781
1771 1782 1763
1769 1763 1762
1769 907 1770
1769 1770 1763
3826 1782 1771
3272 1771 1770
3828 3823 3822
1781 1855 1764
1868 940 939
1781 3823 1855
3826 3827 1761
3826 1761 1782
1760 939 941
1761 941 1781
1868 1867 940
941 940 3823
3827 1760 1761
940 1867 3822
3823 3828 1856
3822 1867 1853
3822 1852 1873
1876 3345 1857
1856 1855 3823
1876 1857 1856
1874 3828 1873
1874 1856 3828
1873 3828 3822
1875 1874 3829
3351 3345 1876
3351 1876 1875
3829 1874 1873
1872 3829 1873
3830 1852 1854
3830 1872 1852
1853 1852 3822
1865 3830 1854
3831 2633 2634
1865 1864 2615
2632 2622 2629
1868 2631 1866
1853 1866 1854
2623 2616 1864
1866 1864 1854
1864 1866 2623
2616 2622 2632
2616 2623 2622
2629 2622 2630
3821 3831 2634
1870 3821 2634
2629 2634 2632
2616 2632 2625
3821 3832 3831
3833 3834 3832
954 3833 3835
954 956 3836
3836 956 961
955 2635 960
2626 947 2627
961 960 2628
960 956 955
2636 2638 3837
952 947 2626
960 2626 2628
945 947 951
953 952 2617
3832 3821 3833
2637 3838 2638
3821 3819 3833
3834 954 3836
3835 955 954
3833 954 3834
1871 3820 1869
2636 2618 955
3819 1869 3835
3819 3835 3833
2635 955 2618
2635 2617 952
1869 3820 3838
1869 3838 2637
3835 1869 2637
3835 2636 955
3837 2618 2636
2637 2636 3835
2618 3837 2619
953 2608 951
2617 2619 3839
953 3839 2609
2635 2618 2617
953 2617 3839
947 952 951
2648 3840 2649
2642 951 2648
3840 2608 2609
945 2641 2647
3841 2639 3842
2642 2641 945
3843 3841 3844
2648 2608 3840
951 2608 2648
2642 2648 2639
2639 2649 3842
3841 3842 3844
3843 3844 3845
3843 3845 2663
3845 2652 2663
3846 3843 3847
2663 2654 2752
2663 2752 3847
3848 2654 2665
2640 3841 3846
3843 3846 3841
3849 3850 3847
2663 3847 3843
3848 2748 2752
3848 2752 2654
2640 3846 2644
2642 2639 2641
2641 2640 2643
2639 3841 2640
2641 2643 2647
2644 3846 3850
3850 3846 3847
3849 3847 2752
2750 3849 2752
3851 2675 863
982 2646 3785
46 3785 2655
984 2646 982
2664 47 874
3785 46 45
982 3852 983
2577 2579 3853
253 47 254
2668 2578 2577
3854 3853 252
988 2580 976
982 45 3852
3852 45 2664
2659 2667 2668
975 2570 3855
992 3855 897
896 992 897
889 3856 2670
889 2673 3856
2680 3857 2684
2681 887 2670
2672 2671 3858
810 989 991
810 3859 989
3860 993 992
2672 3858 896
2670 3856 2671
3861 986 994
3861 994 993
994 3855 992
3860 896 3858
3860 992 896
2672 896 895
2670 2672 2681
2681 895 2565
811 810 991
811 991 2676
887 2682 2683
811 3862 2707
3862 811 2676
2683 2676 888
2684 810 809
2678 809 2707
3863 974 2580
3855 2570 897
3864 2682 2565
2569 2565 897
2565 2682 2681
895 2681 2672
3854 2668 2577
2659 2580 988
994 975 3855
974 2570 975
976 975 986
2658 2659 2668
2658 2668 3854
2666 2659 988
2666 988 987
3861 987 986
994 986 975
2579 2576 3853
3853 253 252
2563 3854 252
2573 252 254
2576 253 3853
2577 3853 3854
2593 2655 970
2656 2655 3785
2658 3854 2568
3865 2573 2574
252 2573 2563
3866 974 3863
969 3867 970
968 970 2656
2574 2575 2595
3867 2593 970
3854 2563 2568
2658 2567 3863
3868 3869 3870
2658 3863 2580
2571 2570 974
2587 974 3866
3871 2566 2562
2564 2563 2573
3868 3866 2567
2568 2567 2658
2588 2587 3870
2567 3866 3863
2575 2593 2595
2574 2595 3865
3872 2564 3865
3873 3865 2595
3874 2562 2564
3865 2564 2573
2593 3867 2594
2595 2594 3873
3873 3872 3865
3868 2566 3875
2562 2566 2568
2564 3872 3874
2562 3874 3871
2566 3871 3875
3870 2587 3866
3876 2588 3877
2588 3876 3878
3876 3879 3878
2588 3878 2560
3870 3869 3877
3875 3869 3868
2566 3868 2567
3877 2588 3870
3868 3870 3866
2582 2572 2558
870 872 3878
2561 2559 972
973 972 2572
3878 3879 870
2686 2572 2582
973 2572 2686
3880 2691 2695
264 971 973
2688 971 2691
2695 2696 2700
2688 2691 3880
259 2695 2700
3880 2690 2688
971 2688 972
2685 2690 3880
259 3880 2695
3880 259 2685
2710 877 2709
2689 3864 2561
2690 2561 2688
2690 2706 2689
2705 877 2710
2706 3862 2689
2707 2705 2710
3878 872 2560
2587 2571 974
2583 2558 870
2583 870 3879
2571 2560 985
2569 985 3864
2587 2560 2571
2570 2569 897
3864 2565 2569
985 2569 2571
2689 2682 3864
2561 3864 985
2683 2682 2689
2706 2705 2707
2683 2689 3862
2683 3862 2676
2707 3862 2706
2705 2706 2685
2743 3881 2714
2708 2714 2709
2715 3882 3754
3882 3881 2743
893 2715 3754
2747 2730 903
2736 2746 2744
3883 2747 902
3883 902 2729
2744 3883 2729
2745 2736 217
2735 2729 2727
876 2708 877
875 877 2705
2717 3881 3882
3751 2743 2708
2715 2717 3882
3751 3882 2743
258 2701 876
2708 876 3751
3752 894 3754
3751 3754 3882
2730 2716 2731
3884 2728 901
876 875 258
2701 258 260
3748 894 3752
3753 3752 876
2731 2715 893
2728 893 890
2731 893 3884
901 2728 892
2726 3756 2727
901 2727 902
3885 2745 216
218 217 3756
2716 2715 2731
3884 893 2728
903 2731 3884
903 3884 901
217 2736 2735
3756 2735 2727
3886 2746 2745
3885 216 3887
2740 2742 3758
3757 216 218
2745 217 216
3887 3757 3758
3887 216 3757
219 3757 2723
219 221 3758
3887 3758 2742
3777 825 824
221 824 3758
3774 825 3777
3760 3777 221
3888 825 3775
2552 866 826
3888 826 825
2732 2552 3889
3889 826 3888
3890 3891 2733
866 2553 2740
826 3889 2552
2733 3892 3890
3892 2733 2732
2742 3893 3894
3894 3885 3887
3886 2745 3885
3894 3887 2742
3886 3885 3895
3896 2556 2751
3885 3894 3895
3895 3894 3893
3897 3896 3898
2553 3891 2737
2742 2739 3893
2740 2553 2737
2740 2737 2742
2553 2552 2733
2553 2733 3891
3891 3890 2753
3890 3690 3689
2754 3689 3899
3890 3892 3690
3688 3900 3899
863 3901 3851
3902 2554 2754
3899 3689 3688
2739 2556 3896
3903 2741 3904
2753 2738 3891
3890 3689 2753
2554 3902 2741
3893 2739 3896
3893 3897 3895
2737 3891 2738
2556 2738 2554
2554 2738 2753
2754 2753 3689
2714 3881 3905
2713 2711 2709
2751 3906 3898
2751 3898 3896
3893 3896 3897
3907 3908 2713
2677 2680 2678
3909 2711 3908
3905 2713 2714
3905 3907 2713
2710 2711 2679
2710 2679 2707
3908 2674 3909
2711 3909 2679
3907 3910 3908
2713 3908 2711
3908 3910 2674
3909 981 2677
861 2675 3906
2751 2555 861
2751 861 3906
2674 3910 3911
3912 996 995
977 2680 2677
3909 2677 2679
980 981 995
2674 981 3909
3913 996 3912
3911 995 2674
2678 2680 2684
810 2684 3859
2680 979 3857
2684 3857 3859
978 977 980
978 980 996
3911 3912 995
3901 863 2420
862 2555 2741
3903 862 2741
3902 2754 3914
3903 2420 862
2555 862 861
3914 2754 3899
3904 2741 3902
3904 3902 3915
3915 3902 3914
3916 3914 3899
3900 3917 3916
3900 3916 3899
3918 3915 3914
3918 3914 3916
3919 3918 3916
3917 3919 3916
